# Force coefficients
# dragDir     : (1.000000e+00 0.000000e+00 0.000000e+00)
# sideDir     : (0.000000e+00 0.000000e+00 -1.000000e+00)
# liftDir     : (0.000000e+00 1.000000e+00 0.000000e+00)
# rollAxis    : (1.000000e+00 0.000000e+00 0.000000e+00)
# pitchAxis   : (0.000000e+00 0.000000e+00 -1.000000e+00)
# yawAxis     : (0.000000e+00 1.000000e+00 0.000000e+00)
# magUInf     : 3.000000e+01
# lRef        : 1.000000e+00
# Aref        : 2.000000e+00
# CofR        : (0.000000e+00 0.000000e+00 0.000000e+00)
#
# Time        	Cd            	Cs            	Cl            	CmRoll        	CmPitch       	CmYaw         	Cd(f)         	Cd(r)         	Cs(f)         	Cs(r)         	Cl(f)         	Cl(r)         
0.01          	6.200142e+01	4.039562e+01	-2.554502e-03	3.692373e-03	2.454774e-03	9.811922e+01	3.100440e+01	3.099702e+01	1.183170e+02	-7.792141e+01	1.177522e-03	-3.732025e-03
0.02          	6.510322e+01	4.212470e+01	-1.204414e-02	1.791887e-02	7.205576e-03	1.026896e+02	3.256953e+01	3.253369e+01	1.237520e+02	-8.162728e+01	1.183506e-03	-1.322765e-02
0.03          	2.954595e+01	2.880952e+01	-1.562286e-02	1.131788e-02	2.980178e-02	5.934924e+01	1.478429e+01	1.476166e+01	7.375401e+01	-4.494448e+01	2.199035e-02	-3.761321e-02
0.04          	-1.186548e+01	1.328436e+01	1.168789e-04	2.056351e-03	-7.635061e-03	8.654875e+00	-5.930681e+00	-5.934794e+00	1.529706e+01	-2.012694e+00	-7.576621e-03	7.693500e-03
0.05          	-3.249012e+01	5.628283e+00	8.360424e-03	-6.754526e-03	-2.070319e-02	-1.648763e+01	-1.625182e+01	-1.623831e+01	-1.367349e+01	1.930178e+01	-1.652298e-02	2.488341e-02
0.06          	-2.713513e+01	7.651288e+00	8.510308e-03	-9.667866e-03	-1.370048e-02	-9.556826e+00	-1.357723e+01	-1.355790e+01	-5.731181e+00	1.338247e+01	-9.445325e-03	1.795563e-02
0.07          	-7.641361e+00	1.498636e+01	1.780006e-03	-6.689549e-03	5.801510e-03	1.491915e+01	-3.827370e+00	-3.813991e+00	2.241233e+01	-7.425970e+00	6.691513e-03	-4.911507e-03
0.08          	1.017196e+01	2.171058e+01	-6.874719e-03	3.932854e-04	2.454455e-02	3.708005e+01	5.086375e+00	5.085588e+00	4.793534e+01	-2.622476e+01	2.110720e-02	-2.798191e-02
0.09          	1.659798e+01	2.411825e+01	-1.053324e-02	5.459628e-03	2.788227e-02	4.467786e+01	8.304450e+00	8.293531e+00	5.673699e+01	-3.261874e+01	2.261565e-02	-3.314889e-02
0.1           	1.177721e+01	2.218452e+01	-7.924898e-03	6.403605e-03	1.654722e-02	3.795497e+01	5.895011e+00	5.882204e+00	4.904724e+01	-2.686271e+01	1.258477e-02	-2.050967e-02
0.11          	2.190186e+00	1.841639e+01	-1.433146e-03	3.472692e-03	-1.905499e-03	2.540502e+01	1.098566e+00	1.091620e+00	3.461321e+01	-1.619682e+01	-2.622072e-03	1.188927e-03
0.12          	-5.089696e+00	1.558214e+01	4.247836e-03	-2.611133e-04	-1.508152e-02	1.620936e+01	-2.545109e+00	-2.544587e+00	2.400043e+01	-8.418294e+00	-1.295761e-02	1.720544e-02
0.13          	-6.620841e+00	1.502415e+01	6.344378e-03	-2.279184e-03	-1.804784e-02	1.465712e+01	-3.312699e+00	-3.308141e+00	2.216919e+01	-7.145046e+00	-1.487565e-02	2.122002e-02
0.14          	-3.418961e+00	1.633006e+01	4.737857e-03	-2.323139e-03	-1.172799e-02	1.920916e+01	-1.711804e+00	-1.707158e+00	2.737418e+01	-1.104413e+01	-9.359062e-03	1.409692e-02
0.15          	1.117827e+00	1.813676e+01	1.120253e-03	-1.025291e-03	-7.940093e-04	2.525164e+01	5.578882e-01	5.599388e-01	3.432002e+01	-1.618326e+01	-2.338826e-04	1.354136e-03
0.16          	3.929533e+00	1.922925e+01	-1.826683e-03	2.929805e-04	7.223145e-03	2.876230e+01	1.965059e+00	1.964473e+00	3.837692e+01	-1.914767e+01	6.309804e-03	-8.136487e-03
0.17          	3.944407e+00	1.919648e+01	-2.735347e-03	8.062647e-04	8.978993e-03	2.847307e+01	1.973010e+00	1.971397e+00	3.807131e+01	-1.887482e+01	7.611320e-03	-1.034667e-02
0.18          	2.063889e+00	1.841367e+01	-1.742552e-03	4.912748e-04	5.549382e-03	2.574604e+01	1.032436e+00	1.031453e+00	3.495288e+01	-1.653920e+01	4.678106e-03	-6.420658e-03
0.19          	-1.141322e-02	1.757238e+01	-1.096781e-04	-1.839353e-04	6.753973e-04	2.293580e+01	-5.890546e-03	-5.522676e-03	3.172199e+01	-1.414961e+01	6.205582e-04	-7.302363e-04
0.2           	-1.017390e+00	1.717888e+01	9.910839e-04	-7.030073e-04	-2.415417e-03	2.170699e+01	-5.093980e-01	-5.079920e-01	3.029643e+01	-1.311756e+01	-1.919875e-03	2.910959e-03
0.21          	-7.185591e-01	1.731469e+01	1.145330e-03	-8.206780e-04	-2.704253e-03	2.226959e+01	-3.601002e-01	-3.584589e-01	3.092693e+01	-1.361224e+01	-2.131589e-03	3.276918e-03
0.22          	2.890355e-01	1.772692e+01	5.888682e-04	-6.456247e-04	-1.007650e-03	2.371771e+01	1.438721e-01	1.451634e-01	3.258116e+01	-1.485425e+01	-7.132163e-04	1.302085e-03
0.23          	1.190603e+00	1.808219e+01	-1.069261e-04	-4.008578e-04	9.973442e-04	2.491212e+01	5.949008e-01	5.957025e-01	3.395321e+01	-1.587102e+01	9.438811e-04	-1.050807e-03
0.24          	1.496211e+00	1.818742e+01	-4.785048e-04	-2.467991e-04	1.993735e-03	2.522311e+01	7.478585e-01	7.483521e-01	3.431683e+01	-1.612940e+01	1.754483e-03	-2.232988e-03
0.25          	1.218991e+00	1.805716e+01	-4.329299e-04	-2.508810e-04	1.786295e-03	2.473750e+01	6.092444e-01	6.097462e-01	3.376608e+01	-1.570892e+01	1.569830e-03	-2.002760e-03
0.26          	7.058845e-01	1.783877e+01	-1.576942e-04	-3.491390e-04	9.514144e-04	2.398201e+01	3.525931e-01	3.532914e-01	3.290140e+01	-1.506263e+01	8.725673e-04	-1.030262e-03
0.27          	3.290394e-01	1.768461e+01	8.614675e-05	-4.700704e-04	2.652072e-04	2.347668e+01	1.640496e-01	1.649898e-01	3.231898e+01	-1.463438e+01	3.082806e-04	-2.221338e-04
0.28          	2.619000e-01	1.766102e+01	1.507558e-04	-5.464716e-04	1.223158e-04	2.343110e+01	1.304035e-01	1.314965e-01	3.226161e+01	-1.460058e+01	1.976937e-04	-4.693791e-05
0.29          	4.426049e-01	1.773690e+01	4.832176e-05	-5.569676e-04	4.453188e-04	2.371943e+01	2.207455e-01	2.218594e-01	3.258789e+01	-1.485098e+01	4.694797e-04	-4.211579e-04
0.3           	6.854262e-01	1.783291e+01	-1.147373e-04	-5.187900e-04	9.033424e-04	2.406001e+01	3.421943e-01	3.432319e-01	3.297646e+01	-1.514355e+01	8.459737e-04	-9.607110e-04
0.31          	8.282582e-01	1.788333e+01	-2.316338e-04	-4.710715e-04	1.188085e-03	2.422985e+01	4.136580e-01	4.146002e-01	3.317152e+01	-1.528819e+01	1.072268e-03	-1.303902e-03
0.32          	8.191454e-01	1.787019e+01	-2.492320e-04	-4.483154e-04	1.168496e-03	2.417739e+01	4.091244e-01	4.100210e-01	3.311248e+01	-1.524229e+01	1.043880e-03	-1.293112e-03
0.33          	7.110333e-01	1.781865e+01	-1.854275e-04	-4.550108e-04	9.214522e-04	2.399856e+01	3.550616e-01	3.559717e-01	3.290788e+01	-1.508924e+01	8.287385e-04	-1.014166e-03
0.34          	5.974169e-01	1.776847e+01	-9.329451e-05	-4.707005e-04	6.123066e-04	2.383365e+01	2.982378e-01	2.991792e-01	3.271788e+01	-1.494941e+01	5.656594e-04	-6.589539e-04
0.35          	5.450819e-01	1.774592e+01	-2.163859e-05	-4.782627e-04	3.887588e-04	2.377067e+01	2.720627e-01	2.730192e-01	3.264363e+01	-1.489771e+01	3.779395e-04	-3.995781e-04
0.36          	5.639136e-01	1.775267e+01	1.307729e-05	-4.721742e-04	2.841484e-04	2.381023e+01	2.814846e-01	2.824290e-01	3.268656e+01	-1.493389e+01	2.906871e-04	-2.776098e-04
0.37          	6.194169e-01	1.777284e+01	2.575276e-05	-4.500811e-04	2.444324e-04	2.389286e+01	3.092584e-01	3.101586e-01	3.277929e+01	-1.500644e+01	2.573088e-04	-2.315560e-04
0.38          	6.670130e-01	1.778794e+01	3.459989e-05	-4.238902e-04	2.153919e-04	2.395292e+01	3.330826e-01	3.339304e-01	3.284689e+01	-1.505895e+01	2.326919e-04	-1.980920e-04
0.39          	6.810578e-01	1.778856e+01	6.391525e-05	-4.172913e-04	1.194804e-04	2.395929e+01	3.401116e-01	3.409462e-01	3.285357e+01	-1.506501e+01	1.514380e-04	-8.752278e-05
0.4           	6.636882e-01	1.777686e+01	1.035449e-04	-4.178972e-04	3.448315e-06	2.392278e+01	3.314262e-01	3.322620e-01	3.281121e+01	-1.503435e+01	5.522077e-05	4.832414e-05
0.41          	6.347825e-01	1.776155e+01	1.474501e-04	-4.101380e-04	-1.232850e-04	2.387654e+01	3.169811e-01	3.178014e-01	3.275731e+01	-1.499576e+01	-4.955994e-05	1.970101e-04
0.42          	6.146944e-01	1.775073e+01	1.862584e-04	-4.060081e-04	-2.224961e-04	2.384919e+01	3.069412e-01	3.077532e-01	3.272455e+01	-1.497382e+01	-1.293669e-04	3.156253e-04
0.43          	6.122220e-01	1.774738e+01	2.143991e-04	-4.014455e-04	-2.875265e-04	2.384954e+01	3.057096e-01	3.065125e-01	3.272323e+01	-1.497585e+01	-1.803269e-04	3.947261e-04
0.44          	6.231463e-01	1.774944e+01	2.307858e-04	-4.081860e-04	-3.171043e-04	2.386766e+01	3.111650e-01	3.119813e-01	3.274238e+01	-1.499294e+01	-2.017113e-04	4.324972e-04
0.45          	6.367892e-01	1.775262e+01	2.373986e-04	-4.238958e-04	-3.244132e-04	2.388643e+01	3.179707e-01	3.188185e-01	3.276274e+01	-1.501013e+01	-2.057139e-04	4.431125e-04
0.46          	6.443423e-01	1.775343e+01	2.455372e-04	-4.472058e-04	-3.410962e-04	2.389386e+01	3.217240e-01	3.226184e-01	3.277057e+01	-1.501714e+01	-2.183276e-04	4.638647e-04
0.47          	6.434592e-01	1.775064e+01	2.553587e-04	-4.651901e-04	-3.664890e-04	2.388809e+01	3.212644e-01	3.221948e-01	3.276341e+01	-1.501277e+01	-2.388097e-04	4.941684e-04
0.48          	6.374334e-01	1.774564e+01	2.697553e-04	-4.819738e-04	-4.067886e-04	2.387573e+01	3.182347e-01	3.191987e-01	3.274855e+01	-1.500291e+01	-2.719110e-04	5.416662e-04
0.49          	6.315400e-01	1.774054e+01	2.845509e-04	-4.903088e-04	-4.472817e-04	2.386492e+01	3.152797e-01	3.162603e-01	3.273519e+01	-1.499465e+01	-3.050062e-04	5.895572e-04
0.5           	6.293622e-01	1.773686e+01	2.944779e-04	-4.924758e-04	-4.731522e-04	2.386028e+01	3.141886e-01	3.151736e-01	3.272871e+01	-1.499185e+01	-3.259132e-04	6.203912e-04
0.51          	6.311869e-01	1.773494e+01	2.944886e-04	-4.896259e-04	-4.744651e-04	2.386121e+01	3.151038e-01	3.160831e-01	3.272868e+01	-1.499374e+01	-3.272209e-04	6.217094e-04
0.52          	6.348505e-01	1.773418e+01	2.857463e-04	-4.845810e-04	-4.526410e-04	2.386407e+01	3.169407e-01	3.179098e-01	3.273116e+01	-1.499698e+01	-3.097679e-04	5.955142e-04
0.53          	6.377616e-01	1.773356e+01	2.742535e-04	-4.700587e-04	-4.216386e-04	2.386511e+01	3.184107e-01	3.193509e-01	3.273189e+01	-1.499833e+01	-2.845119e-04	5.587654e-04
0.54          	6.386560e-01	1.773221e+01	2.588285e-04	-4.415568e-04	-3.843023e-04	2.386248e+01	3.188864e-01	3.197696e-01	3.272859e+01	-1.499638e+01	-2.548880e-04	5.137166e-04
0.55          	6.377917e-01	1.773015e+01	2.426904e-04	-4.150911e-04	-3.477285e-04	2.385723e+01	3.184808e-01	3.193110e-01	3.272231e+01	-1.499215e+01	-2.263833e-04	4.690737e-04
0.56          	6.363104e-01	1.772794e+01	2.321878e-04	-3.999462e-04	-3.226241e-04	2.385174e+01	3.177553e-01	3.185552e-01	3.271571e+01	-1.498777e+01	-2.065302e-04	4.387180e-04
0.57          	6.353058e-01	1.772615e+01	2.274257e-04	-3.971310e-04	-3.102936e-04	2.384798e+01	3.172558e-01	3.180500e-01	3.271105e+01	-1.498490e+01	-1.965807e-04	4.240064e-04
0.58          	6.352114e-01	1.772494e+01	2.194090e-04	-3.858647e-04	-2.958941e-04	2.384648e+01	3.172198e-01	3.179915e-01	3.270895e+01	-1.498401e+01	-1.861896e-04	4.055986e-04
0.59          	6.357479e-01	1.772391e+01	2.103212e-04	-3.677286e-04	-2.820560e-04	2.384620e+01	3.175062e-01	3.182417e-01	3.270816e+01	-1.498425e+01	-1.768954e-04	3.872166e-04
0.6           	6.362851e-01	1.772255e+01	1.962760e-04	-3.339552e-04	-2.574089e-04	2.384579e+01	3.178086e-01	3.184765e-01	3.270706e+01	-1.498451e+01	-1.592709e-04	3.555469e-04
0.61          	6.363530e-01	1.772052e+01	1.882372e-04	-2.954182e-04	-2.466658e-04	2.384430e+01	3.178811e-01	3.184719e-01	3.270456e+01	-1.498404e+01	-1.525473e-04	3.407844e-04
0.62          	6.359126e-01	1.771786e+01	1.928132e-04	-2.675099e-04	-2.646800e-04	2.384185e+01	3.176888e-01	3.182238e-01	3.270078e+01	-1.498292e+01	-1.682734e-04	3.610866e-04
0.63          	6.352063e-01	1.771491e+01	2.098929e-04	-2.593232e-04	-3.098987e-04	2.383929e+01	3.173438e-01	3.178625e-01	3.269674e+01	-1.498183e+01	-2.049523e-04	4.148452e-04
0.64          	6.345286e-01	1.771200e+01	2.299993e-04	-2.520514e-04	-3.637779e-04	2.383744e+01	3.170122e-01	3.175163e-01	3.269344e+01	-1.498144e+01	-2.487783e-04	4.787776e-04
0.65          	6.340229e-01	1.770913e+01	2.501669e-04	-2.383526e-04	-4.234907e-04	2.383648e+01	3.167731e-01	3.172498e-01	3.269105e+01	-1.498192e+01	-2.984072e-04	5.485741e-04
0.66          	6.337049e-01	1.770613e+01	2.674661e-04	-2.229268e-04	-4.782921e-04	2.383624e+01	3.166295e-01	3.170754e-01	3.268931e+01	-1.498318e+01	-3.445590e-04	6.120251e-04
0.67          	6.334184e-01	1.770309e+01	2.808344e-04	-2.043771e-04	-5.227139e-04	2.383649e+01	3.165048e-01	3.169136e-01	3.268803e+01	-1.498494e+01	-3.822968e-04	6.631311e-04
0.68          	6.330468e-01	1.770008e+01	2.882175e-04	-1.844364e-04	-5.498539e-04	2.383706e+01	3.163390e-01	3.167079e-01	3.268709e+01	-1.498702e+01	-4.057452e-04	6.939627e-04
0.69          	6.325203e-01	1.769729e+01	2.913130e-04	-1.603411e-04	-5.610779e-04	2.383783e+01	3.160998e-01	3.164205e-01	3.268647e+01	-1.498918e+01	-4.154214e-04	7.067344e-04
0.7           	6.318430e-01	1.769493e+01	2.937226e-04	-1.391029e-04	-5.678197e-04	2.383885e+01	3.157824e-01	3.160606e-01	3.268632e+01	-1.499139e+01	-4.209584e-04	7.146810e-04
0.71          	6.310935e-01	1.769299e+01	2.993830e-04	-1.270033e-04	-5.812913e-04	2.384026e+01	3.154197e-01	3.156737e-01	3.268676e+01	-1.499377e+01	-4.315999e-04	7.309828e-04
0.72          	6.303380e-01	1.769130e+01	3.079590e-04	-1.209965e-04	-6.040164e-04	2.384208e+01	3.150480e-01	3.152900e-01	3.268773e+01	-1.499643e+01	-4.500369e-04	7.579959e-04
0.73          	6.295807e-01	1.768972e+01	3.160847e-04	-1.204696e-04	-6.268286e-04	2.384415e+01	3.146699e-01	3.149108e-01	3.268902e+01	-1.499929e+01	-4.687863e-04	7.848710e-04
0.74          	6.287844e-01	1.768837e+01	3.178248e-04	-1.255631e-04	-6.298436e-04	2.384671e+01	3.142666e-01	3.145178e-01	3.269090e+01	-1.500253e+01	-4.709311e-04	7.887560e-04
0.75          	6.279505e-01	1.768730e+01	3.066047e-04	-1.009176e-04	-5.902138e-04	2.384958e+01	3.138743e-01	3.140762e-01	3.269322e+01	-1.500593e+01	-4.369115e-04	7.435162e-04
0.76          	6.271279e-01	1.768637e+01	2.899955e-04	-8.348846e-05	-5.393962e-04	2.385214e+01	3.134805e-01	3.136474e-01	3.269532e+01	-1.500895e+01	-3.943985e-04	6.843940e-04
0.77          	6.263822e-01	1.768561e+01	2.809134e-04	-9.040581e-05	-5.066387e-04	2.385434e+01	3.131007e-01	3.132815e-01	3.269715e+01	-1.501154e+01	-3.661821e-04	6.470954e-04
0.78          	6.257181e-01	1.768529e+01	2.632158e-04	-1.125961e-04	-4.518002e-04	2.385689e+01	3.127465e-01	3.129717e-01	3.269954e+01	-1.501425e+01	-3.201923e-04	5.834081e-04
0.79          	6.250989e-01	1.768554e+01	2.409330e-04	-1.375630e-04	-3.837105e-04	2.386030e+01	3.124119e-01	3.126870e-01	3.270307e+01	-1.501753e+01	-2.632440e-04	5.041770e-04
0.8           	6.244941e-01	1.768626e+01	2.150805e-04	-1.507014e-04	-3.078798e-04	2.386445e+01	3.120964e-01	3.123978e-01	3.270758e+01	-1.502131e+01	-2.003396e-04	4.154201e-04
0.81          	6.238852e-01	1.768721e+01	1.890652e-04	-1.497098e-04	-2.317952e-04	2.386901e+01	3.117929e-01	3.120923e-01	3.271262e+01	-1.502541e+01	-1.372626e-04	3.263278e-04
0.82          	6.232904e-01	1.768824e+01	1.560929e-04	-1.349628e-04	-1.363812e-04	2.387379e+01	3.115102e-01	3.117802e-01	3.271791e+01	-1.502967e+01	-5.833481e-05	2.144277e-04
0.83          	6.227349e-01	1.768923e+01	1.207286e-04	-1.146577e-04	-3.782402e-05	2.387855e+01	3.112528e-01	3.114821e-01	3.272316e+01	-1.503393e+01	2.254030e-05	9.818834e-05
0.84          	6.222395e-01	1.769014e+01	1.009591e-04	-1.095842e-04	1.414128e-05	2.388310e+01	3.110102e-01	3.112294e-01	3.272818e+01	-1.503803e+01	6.462082e-05	3.633827e-05
0.85          	6.218122e-01	1.769107e+01	9.863823e-05	-1.228050e-04	1.612060e-05	2.388752e+01	3.107833e-01	3.110289e-01	3.273305e+01	-1.504198e+01	6.543971e-05	3.319851e-05
0.86          	6.214261e-01	1.769204e+01	1.074324e-04	-1.429044e-04	-1.480595e-05	2.389177e+01	3.105701e-01	3.108559e-01	3.273779e+01	-1.504575e+01	3.891023e-05	6.852214e-05
0.87          	6.210608e-01	1.769302e+01	1.098881e-04	-1.563161e-04	-2.454294e-05	2.389583e+01	3.103741e-01	3.106867e-01	3.274234e+01	-1.504932e+01	3.040110e-05	7.948698e-05
0.88          	6.207587e-01	1.769393e+01	1.120661e-04	-1.654649e-04	-3.352394e-05	2.389970e+01	3.102139e-01	3.105448e-01	3.274666e+01	-1.505273e+01	2.250909e-05	8.955697e-05
0.89          	6.205492e-01	1.769467e+01	1.123960e-04	-1.714378e-04	-3.492651e-05	2.390328e+01	3.101031e-01	3.104460e-01	3.275062e+01	-1.505595e+01	2.127147e-05	9.112450e-05
0.9           	6.204310e-01	1.769512e+01	1.212032e-04	-1.882759e-04	-6.129711e-05	2.390632e+01	3.100272e-01	3.104038e-01	3.275388e+01	-1.505876e+01	-6.955331e-07	1.218987e-04
0.91          	6.203960e-01	1.769518e+01	1.283031e-04	-2.163210e-04	-8.090241e-05	2.390842e+01	3.099817e-01	3.104143e-01	3.275601e+01	-1.506083e+01	-1.675087e-05	1.450539e-04
0.92          	6.204642e-01	1.769489e+01	1.309729e-04	-2.276542e-04	-9.320891e-05	2.390963e+01	3.100044e-01	3.104597e-01	3.275707e+01	-1.506219e+01	-2.772245e-05	1.586954e-04
0.93          	6.206590e-01	1.769446e+01	1.254295e-04	-2.121996e-04	-8.761305e-05	2.391056e+01	3.101173e-01	3.105417e-01	3.275779e+01	-1.506334e+01	-2.489830e-05	1.503278e-04
0.94          	6.209917e-01	1.769440e+01	1.084438e-04	-1.678265e-04	-5.381648e-05	2.391258e+01	3.103280e-01	3.106637e-01	3.275978e+01	-1.506538e+01	4.053992e-07	1.080384e-04
0.95          	6.214834e-01	1.769484e+01	8.793906e-05	-1.281277e-04	-7.560511e-06	2.391613e+01	3.106136e-01	3.108698e-01	3.276355e+01	-1.506870e+01	3.640902e-05	5.153004e-05
0.96          	6.220033e-01	1.769539e+01	1.338108e-04	-1.631957e-04	-1.582916e-04	2.392002e+01	3.108384e-01	3.111648e-01	3.276771e+01	-1.507232e+01	-9.138618e-05	2.251970e-04
0.97          	6.224139e-01	1.769559e+01	1.835648e-04	-2.382239e-04	-3.126066e-04	2.392279e+01	3.109687e-01	3.114452e-01	3.277059e+01	-1.507499e+01	-2.208242e-04	4.043890e-04
0.98          	6.227902e-01	1.769517e+01	1.969112e-04	-3.019291e-04	-3.540248e-04	2.392379e+01	3.110932e-01	3.116970e-01	3.277137e+01	-1.507620e+01	-2.555692e-04	4.524804e-04
0.99          	6.232571e-01	1.769436e+01	1.473112e-04	-2.884364e-04	-2.127966e-04	2.392379e+01	3.113401e-01	3.119170e-01	3.277097e+01	-1.507661e+01	-1.391410e-04	2.864522e-04
1             	6.237367e-01	1.769369e+01	1.246697e-04	-2.342795e-04	-1.687109e-04	2.392435e+01	3.116341e-01	3.121026e-01	3.277120e+01	-1.507751e+01	-1.063760e-04	2.310458e-04
1.01          	6.240737e-01	1.769386e+01	1.203346e-04	-1.898311e-04	-1.808331e-04	2.392741e+01	3.118470e-01	3.122267e-01	3.277435e+01	-1.508048e+01	-1.206658e-04	2.410004e-04
1.02          	6.241689e-01	1.769496e+01	1.323398e-04	-1.895933e-04	-2.327365e-04	2.393300e+01	3.118948e-01	3.122740e-01	3.278048e+01	-1.508552e+01	-1.665666e-04	2.989064e-04
1.03          	6.240044e-01	1.769623e+01	1.275686e-04	-2.054881e-04	-2.274800e-04	2.393888e+01	3.117967e-01	3.122077e-01	3.278699e+01	-1.509076e+01	-1.636958e-04	2.912643e-04
1.04          	6.236716e-01	1.769711e+01	8.769804e-05	-2.032502e-04	-1.123499e-04	2.394331e+01	3.116325e-01	3.120390e-01	3.279186e+01	-1.509476e+01	-6.850091e-05	1.561990e-04
1.05          	6.232549e-01	1.769761e+01	2.018883e-05	-1.592060e-04	8.316259e-05	2.394634e+01	3.114682e-01	3.117866e-01	3.279514e+01	-1.509753e+01	9.325701e-05	-7.306817e-05
1.06          	6.228050e-01	1.769830e+01	-3.353631e-05	-9.723333e-05	2.326539e-04	2.394957e+01	3.113053e-01	3.114997e-01	3.279872e+01	-1.510041e+01	2.158858e-04	-2.494221e-04
1.07          	6.222742e-01	1.769969e+01	-3.498031e-05	-7.278236e-05	2.250584e-04	2.395441e+01	3.110643e-01	3.112099e-01	3.280426e+01	-1.510457e+01	2.075682e-04	-2.425486e-04
1.08          	6.215772e-01	1.770176e+01	2.294385e-05	-1.175103e-04	4.689290e-05	2.396098e+01	3.106711e-01	3.109061e-01	3.281186e+01	-1.511010e+01	5.836482e-05	-3.542097e-05
1.09          	6.206321e-01	1.770420e+01	9.583077e-05	-1.943616e-04	-1.715613e-04	2.396828e+01	3.101217e-01	3.105104e-01	3.282037e+01	-1.511618e+01	-1.236459e-04	2.194767e-04
1.1           	6.194620e-01	1.770664e+01	1.248876e-04	-2.355864e-04	-2.585376e-04	2.397519e+01	3.094954e-01	3.099666e-01	3.282851e+01	-1.512187e+01	-1.960938e-04	3.209814e-04
1.11          	6.181521e-01	1.770888e+01	9.377544e-05	-2.152471e-04	-1.680049e-04	2.398111e+01	3.088608e-01	3.092913e-01	3.283555e+01	-1.512667e+01	-1.211172e-04	2.148926e-04
1.12          	6.167675e-01	1.771114e+01	3.503463e-05	-1.529937e-04	5.379482e-06	2.398689e+01	3.082308e-01	3.085367e-01	3.284246e+01	-1.513133e+01	2.289680e-05	1.213783e-05
1.13          	6.153527e-01	1.771354e+01	-2.809649e-05	-7.583786e-05	1.899003e-04	2.399321e+01	3.076005e-01	3.077522e-01	3.284998e+01	-1.513644e+01	1.758521e-04	-2.039485e-04
1.14          	6.138900e-01	1.771603e+01	-6.042355e-05	-2.375126e-05	2.861256e-04	2.400000e+01	3.069212e-01	3.069688e-01	3.285802e+01	-1.514199e+01	2.559138e-04	-3.163374e-04
1.15          	6.123055e-01	1.771868e+01	-6.074551e-05	1.353635e-06	2.881075e-04	2.400740e+01	3.061541e-01	3.061514e-01	3.286673e+01	-1.514806e+01	2.577348e-04	-3.184803e-04
1.16          	6.105749e-01	1.772148e+01	-3.656710e-05	4.503296e-06	2.177787e-04	2.401520e+01	3.052920e-01	3.052829e-01	3.287594e+01	-1.515446e+01	1.994951e-04	-2.360622e-04
1.17          	6.087536e-01	1.772424e+01	-5.180939e-06	-4.306714e-06	1.264243e-04	2.402286e+01	3.043725e-01	3.043811e-01	3.288498e+01	-1.516074e+01	1.238338e-04	-1.290148e-04
1.18          	6.069292e-01	1.772686e+01	1.711801e-05	-1.069525e-05	6.176512e-05	2.403011e+01	3.034539e-01	3.034753e-01	3.289354e+01	-1.516668e+01	7.032412e-05	-5.320611e-05
1.19          	6.051567e-01	1.772944e+01	2.056021e-05	-2.381071e-06	5.277316e-05	2.403731e+01	3.025760e-01	3.025807e-01	3.290203e+01	-1.517259e+01	6.305327e-05	-4.249306e-05
1.2           	6.034420e-01	1.773216e+01	1.191896e-05	1.861707e-05	7.829750e-05	2.404484e+01	3.017396e-01	3.017024e-01	3.291092e+01	-1.517876e+01	8.425698e-05	-7.233802e-05
1.21          	6.017923e-01	1.773493e+01	-3.146435e-06	5.071242e-05	1.194012e-04	2.405241e+01	3.009469e-01	3.008455e-01	3.291987e+01	-1.518494e+01	1.178280e-04	-1.209744e-04
1.22          	6.001973e-01	1.773759e+01	-7.123305e-06	7.235280e-05	1.294780e-04	2.405940e+01	3.001710e-01	3.000263e-01	3.292819e+01	-1.519060e+01	1.259164e-04	-1.330397e-04
1.23          	5.986363e-01	1.773997e+01	-4.167639e-06	8.447164e-05	1.198894e-04	2.406529e+01	2.994026e-01	2.992337e-01	3.293528e+01	-1.519531e+01	1.178056e-04	-1.219732e-04
1.24          	5.971214e-01	1.774200e+01	-2.577864e-06	9.088788e-05	1.140287e-04	2.406991e+01	2.986516e-01	2.984698e-01	3.294091e+01	-1.519891e+01	1.127398e-04	-1.153176e-04
1.25          	5.956945e-01	1.774384e+01	1.387816e-06	8.723137e-05	1.023622e-04	2.407348e+01	2.979345e-01	2.977600e-01	3.294540e+01	-1.520156e+01	1.030561e-04	-1.016683e-04
1.26          	5.944338e-01	1.774554e+01	5.778907e-06	8.597862e-05	8.691974e-05	2.407652e+01	2.973029e-01	2.971309e-01	3.294929e+01	-1.520375e+01	8.980920e-05	-8.403029e-05
1.27          	5.933669e-01	1.774726e+01	1.219479e-05	8.654765e-05	6.347727e-05	2.407943e+01	2.967700e-01	2.965969e-01	3.295306e+01	-1.520581e+01	6.957466e-05	-5.737987e-05
1.28          	5.924644e-01	1.774886e+01	1.391129e-05	9.404383e-05	5.129269e-05	2.408219e+01	2.963263e-01	2.961382e-01	3.295662e+01	-1.520776e+01	5.824834e-05	-4.433705e-05
1.29          	5.916662e-01	1.775019e+01	1.729127e-05	9.822831e-05	3.704428e-05	2.408434e+01	2.959313e-01	2.957349e-01	3.295944e+01	-1.520925e+01	4.568992e-05	-2.839865e-05
1.3           	5.909415e-01	1.775150e+01	1.937906e-05	1.042796e-04	2.587210e-05	2.408606e+01	2.955750e-01	2.953665e-01	3.296181e+01	-1.521031e+01	3.556163e-05	-1.618257e-05
1.31          	5.902981e-01	1.775269e+01	2.426016e-05	1.011872e-04	7.653935e-06	2.408735e+01	2.952502e-01	2.950479e-01	3.296370e+01	-1.521100e+01	1.978402e-05	4.476145e-06
1.32          	5.897392e-01	1.775384e+01	3.270883e-05	8.898599e-05	-1.922096e-05	2.408816e+01	2.949586e-01	2.947806e-01	3.296508e+01	-1.521124e+01	-2.866539e-06	3.557537e-05
1.33          	5.893105e-01	1.775480e+01	4.028558e-05	7.383151e-05	-4.121363e-05	2.408858e+01	2.947291e-01	2.945814e-01	3.296598e+01	-1.521118e+01	-2.107084e-05	6.135642e-05
1.34          	5.889708e-01	1.775548e+01	4.248713e-05	6.395735e-05	-4.894669e-05	2.408856e+01	2.945494e-01	2.944215e-01	3.296630e+01	-1.521083e+01	-2.770312e-05	7.019025e-05
1.35          	5.887288e-01	1.775575e+01	4.078612e-05	5.914214e-05	-4.760700e-05	2.408816e+01	2.944236e-01	2.943053e-01	3.296604e+01	-1.521028e+01	-2.721394e-05	6.800005e-05
1.36          	5.885168e-01	1.775550e+01	3.836596e-05	5.759322e-05	-4.668855e-05	2.408731e+01	2.943160e-01	2.942008e-01	3.296505e+01	-1.520956e+01	-2.750557e-05	6.587153e-05
1.37          	5.883497e-01	1.775468e+01	3.491594e-05	5.625028e-05	-4.135929e-05	2.408574e+01	2.942311e-01	2.941186e-01	3.296307e+01	-1.520840e+01	-2.390133e-05	5.881726e-05
1.38          	5.881599e-01	1.775333e+01	3.574010e-05	4.908143e-05	-4.526391e-05	2.408343e+01	2.941290e-01	2.940309e-01	3.296010e+01	-1.520677e+01	-2.739386e-05	6.313396e-05
1.39          	5.879771e-01	1.775142e+01	3.981641e-05	3.875549e-05	-5.438862e-05	2.408028e+01	2.940273e-01	2.939498e-01	3.295598e+01	-1.520457e+01	-3.448041e-05	7.429682e-05
1.4           	5.877170e-01	1.774910e+01	4.272651e-05	3.106385e-05	-6.074410e-05	2.407638e+01	2.938895e-01	2.938274e-01	3.295093e+01	-1.520183e+01	-3.938084e-05	8.210735e-05
1.41          	5.874399e-01	1.774655e+01	4.557536e-05	2.197991e-05	-6.734292e-05	2.407191e+01	2.937419e-01	2.936980e-01	3.294519e+01	-1.519864e+01	-4.455523e-05	9.013060e-05
1.42          	5.870593e-01	1.774366e+01	5.290100e-05	1.309794e-05	-8.703174e-05	2.406694e+01	2.935428e-01	2.935166e-01	3.293877e+01	-1.519511e+01	-6.058124e-05	1.134822e-04
1.43          	5.866430e-01	1.774040e+01	6.384946e-05	2.570749e-06	-1.157902e-04	2.406144e+01	2.933241e-01	2.933189e-01	3.293164e+01	-1.519124e+01	-8.386549e-05	1.477149e-04
1.44          	5.860671e-01	1.773673e+01	7.730631e-05	-9.786107e-06	-1.517945e-04	2.405534e+01	2.930238e-01	2.930433e-01	3.292371e+01	-1.518698e+01	-1.131413e-04	1.904476e-04
1.45          	5.853931e-01	1.773265e+01	9.095000e-05	-2.180167e-05	-1.911089e-04	2.404883e+01	2.926747e-01	2.927183e-01	3.291515e+01	-1.518250e+01	-1.456339e-04	2.365839e-04
1.46          	5.844938e-01	1.772839e+01	1.041409e-04	-3.544368e-05	-2.315906e-04	2.404213e+01	2.922114e-01	2.922823e-01	3.290632e+01	-1.517793e+01	-1.795201e-04	2.836610e-04
1.47          	5.835209e-01	1.772426e+01	1.153417e-04	-4.504184e-05	-2.676007e-04	2.403545e+01	2.917154e-01	2.918055e-01	3.289758e+01	-1.517332e+01	-2.099299e-04	3.252716e-04
1.48          	5.823945e-01	1.772055e+01	1.242122e-04	-4.962098e-05	-2.966338e-04	2.402890e+01	2.911476e-01	2.912469e-01	3.288918e+01	-1.516862e+01	-2.345277e-04	3.587399e-04
1.49          	5.812540e-01	1.771764e+01	1.355902e-04	-5.630688e-05	-3.307920e-04	2.402273e+01	2.905707e-01	2.906833e-01	3.288155e+01	-1.516391e+01	-2.629969e-04	3.985870e-04
1.5           	5.800456e-01	1.771532e+01	1.504822e-04	-6.550802e-05	-3.743368e-04	2.401700e+01	2.899573e-01	2.900883e-01	3.287466e+01	-1.515934e+01	-2.990957e-04	4.495780e-04
1.51          	5.789336e-01	1.771359e+01	1.656712e-04	-7.409640e-05	-4.189897e-04	2.401197e+01	2.893927e-01	2.895409e-01	3.286876e+01	-1.515517e+01	-3.361541e-04	5.018253e-04
1.52          	5.777677e-01	1.771227e+01	1.814663e-04	-8.093500e-05	-4.653762e-04	2.400751e+01	2.888029e-01	2.889648e-01	3.286364e+01	-1.515137e+01	-3.746431e-04	5.561094e-04
1.53          	5.766427e-01	1.771146e+01	1.947175e-04	-8.564862e-05	-5.036921e-04	2.400360e+01	2.882357e-01	2.884070e-01	3.285932e+01	-1.514787e+01	-4.063333e-04	6.010509e-04
1.54          	5.754627e-01	1.771104e+01	2.046250e-04	-8.822899e-05	-5.313120e-04	2.400007e+01	2.876431e-01	2.878196e-01	3.285559e+01	-1.514454e+01	-4.289995e-04	6.336245e-04
1.55          	5.743702e-01	1.771112e+01	2.115189e-04	-9.063724e-05	-5.488776e-04	2.399701e+01	2.870944e-01	2.872757e-01	3.285257e+01	-1.514145e+01	-4.431182e-04	6.546371e-04
1.56          	5.732656e-01	1.771152e+01	2.193753e-04	-9.729437e-05	-5.691800e-04	2.399433e+01	2.865355e-01	2.867301e-01	3.285009e+01	-1.513857e+01	-4.594923e-04	6.788676e-04
1.57          	5.723009e-01	1.771219e+01	2.277345e-04	-1.037743e-04	-5.929812e-04	2.399209e+01	2.860467e-01	2.862542e-01	3.284818e+01	-1.513600e+01	-4.791140e-04	7.068485e-04
1.58          	5.713354e-01	1.771298e+01	2.365564e-04	-1.102669e-04	-6.216570e-04	2.399023e+01	2.855574e-01	2.857779e-01	3.284671e+01	-1.513374e+01	-5.033787e-04	7.399352e-04
1.59          	5.704366e-01	1.771410e+01	2.437971e-04	-1.132209e-04	-6.470604e-04	2.398866e+01	2.851051e-01	2.853315e-01	3.284571e+01	-1.513161e+01	-5.251619e-04	7.689589e-04
1.6           	5.693972e-01	1.771549e+01	2.490501e-04	-1.143427e-04	-6.644665e-04	2.398714e+01	2.845842e-01	2.848129e-01	3.284488e+01	-1.512939e+01	-5.399414e-04	7.889915e-04
1.61          	5.683447e-01	1.771722e+01	2.522587e-04	-1.141323e-04	-6.751741e-04	2.398561e+01	2.840582e-01	2.842865e-01	3.284422e+01	-1.512700e+01	-5.490448e-04	8.013034e-04
1.62          	5.671615e-01	1.771898e+01	2.539997e-04	-1.144495e-04	-6.811776e-04	2.398381e+01	2.834663e-01	2.836952e-01	3.284330e+01	-1.512432e+01	-5.541777e-04	8.081774e-04
1.63          	5.660686e-01	1.772070e+01	2.563648e-04	-1.159363e-04	-6.881906e-04	2.398167e+01	2.829184e-01	2.831502e-01	3.284202e+01	-1.512132e+01	-5.600082e-04	8.163730e-04
1.64          	5.650034e-01	1.772211e+01	2.592607e-04	-1.187047e-04	-6.955968e-04	2.397914e+01	2.823830e-01	2.826204e-01	3.284019e+01	-1.511809e+01	-5.659664e-04	8.252272e-04
1.65          	5.641434e-01	1.772341e+01	2.626624e-04	-1.216977e-04	-7.027865e-04	2.397652e+01	2.819500e-01	2.821934e-01	3.283822e+01	-1.511481e+01	-5.714553e-04	8.341177e-04
1.66          	5.633596e-01	1.772457e+01	2.655816e-04	-1.242472e-04	-7.084871e-04	2.397381e+01	2.815555e-01	2.818040e-01	3.283609e+01	-1.511152e+01	-5.756962e-04	8.412779e-04
1.67          	5.627790e-01	1.772575e+01	2.682538e-04	-1.276757e-04	-7.123179e-04	2.397109e+01	2.812618e-01	2.815172e-01	3.283396e+01	-1.510821e+01	-5.781910e-04	8.464448e-04
1.68          	5.622624e-01	1.772664e+01	2.690689e-04	-1.310388e-04	-7.096470e-04	2.396816e+01	2.810002e-01	2.812623e-01	3.283148e+01	-1.510484e+01	-5.751126e-04	8.441815e-04
1.69          	5.619585e-01	1.772730e+01	2.670190e-04	-1.327374e-04	-6.987863e-04	2.396511e+01	2.808465e-01	2.811120e-01	3.282876e+01	-1.510146e+01	-5.652767e-04	8.322958e-04
1.7           	5.617256e-01	1.772744e+01	2.641482e-04	-1.344565e-04	-6.842839e-04	2.396174e+01	2.807284e-01	2.809973e-01	3.282546e+01	-1.509802e+01	-5.522099e-04	8.163580e-04
1.71          	5.616915e-01	1.772726e+01	2.602899e-04	-1.359786e-04	-6.657533e-04	2.395818e+01	2.807098e-01	2.809817e-01	3.282181e+01	-1.509455e+01	-5.356084e-04	7.958983e-04
1.72          	5.616980e-01	1.772678e+01	2.557981e-04	-1.390327e-04	-6.487282e-04	2.395447e+01	2.807100e-01	2.809880e-01	3.281786e+01	-1.509108e+01	-5.208292e-04	7.766272e-04
1.73          	5.618729e-01	1.772633e+01	2.501706e-04	-1.419652e-04	-6.302371e-04	2.395078e+01	2.807945e-01	2.810784e-01	3.281395e+01	-1.508762e+01	-5.051518e-04	7.553223e-04
1.74          	5.620691e-01	1.772590e+01	2.435666e-04	-1.431898e-04	-6.081706e-04	2.394703e+01	2.808914e-01	2.811778e-01	3.280998e+01	-1.508408e+01	-4.863873e-04	7.299539e-04
1.75          	5.624140e-01	1.772578e+01	2.384391e-04	-1.443589e-04	-5.874600e-04	2.394342e+01	2.810627e-01	2.813514e-01	3.280631e+01	-1.508053e+01	-4.682405e-04	7.066796e-04
1.76          	5.627457e-01	1.772579e+01	2.350643e-04	-1.446997e-04	-5.704383e-04	2.393986e+01	2.812282e-01	2.815176e-01	3.280276e+01	-1.507697e+01	-4.529061e-04	6.879705e-04
1.77          	5.631878e-01	1.772605e+01	2.297615e-04	-1.426383e-04	-5.477144e-04	2.393643e+01	2.814513e-01	2.817366e-01	3.279946e+01	-1.507341e+01	-4.328337e-04	6.625952e-04
1.78          	5.635815e-01	1.772626e+01	2.248362e-04	-1.412983e-04	-5.260752e-04	2.393282e+01	2.816494e-01	2.819320e-01	3.279595e+01	-1.506969e+01	-4.136571e-04	6.384933e-04
1.79          	5.640275e-01	1.772644e+01	2.188025e-04	-1.405455e-04	-5.037466e-04	2.392899e+01	2.818732e-01	2.821543e-01	3.279221e+01	-1.506577e+01	-3.943454e-04	6.131479e-04
1.8           	5.643601e-01	1.772628e+01	2.118572e-04	-1.401723e-04	-4.819712e-04	2.392464e+01	2.820399e-01	2.823202e-01	3.278777e+01	-1.506150e+01	-3.760425e-04	5.878998e-04
1.81          	5.647020e-01	1.772582e+01	2.042399e-04	-1.402146e-04	-4.623545e-04	2.391976e+01	2.822108e-01	2.824912e-01	3.278267e+01	-1.505685e+01	-3.602345e-04	5.644745e-04
1.82          	5.649003e-01	1.772485e+01	1.972295e-04	-1.399503e-04	-4.466743e-04	2.391414e+01	2.823102e-01	2.825901e-01	3.277657e+01	-1.505172e+01	-3.480596e-04	5.452890e-04
1.83          	5.650761e-01	1.772349e+01	1.911700e-04	-1.390650e-04	-4.349077e-04	2.390787e+01	2.823990e-01	2.826771e-01	3.276961e+01	-1.504612e+01	-3.393227e-04	5.304927e-04
1.84          	5.650966e-01	1.772169e+01	1.865756e-04	-1.385528e-04	-4.255842e-04	2.390098e+01	2.824097e-01	2.826868e-01	3.276182e+01	-1.504013e+01	-3.322964e-04	5.188720e-04
1.85          	5.650936e-01	1.771965e+01	1.811217e-04	-1.357347e-04	-4.122343e-04	2.389369e+01	2.824111e-01	2.826825e-01	3.275351e+01	-1.503386e+01	-3.216734e-04	5.027952e-04
1.86          	5.649430e-01	1.771730e+01	1.744340e-04	-1.313362e-04	-3.946169e-04	2.388605e+01	2.823402e-01	2.826029e-01	3.274470e+01	-1.502740e+01	-3.073999e-04	4.818339e-04
1.87          	5.647902e-01	1.771483e+01	1.696258e-04	-1.284950e-04	-3.817308e-04	2.387828e+01	2.822666e-01	2.825236e-01	3.273570e+01	-1.502087e+01	-2.969179e-04	4.665437e-04
1.88          	5.644933e-01	1.771209e+01	1.652993e-04	-1.274143e-04	-3.715505e-04	2.387023e+01	2.821192e-01	2.823740e-01	3.272628e+01	-1.501419e+01	-2.889008e-04	4.542002e-04
1.89          	5.641714e-01	1.770915e+01	1.609968e-04	-1.272499e-04	-3.642179e-04	2.386191e+01	2.819585e-01	2.822130e-01	3.271648e+01	-1.500734e+01	-2.837195e-04	4.447163e-04
1.9           	5.636783e-01	1.770583e+01	1.582887e-04	-1.273833e-04	-3.625142e-04	2.385314e+01	2.817118e-01	2.819665e-01	3.270605e+01	-1.500022e+01	-2.833699e-04	4.416585e-04
1.91          	5.631692e-01	1.770242e+01	1.554905e-04	-1.253226e-04	-3.598007e-04	2.384435e+01	2.814593e-01	2.817099e-01	3.269556e+01	-1.499314e+01	-2.820555e-04	4.375459e-04
1.92          	5.625116e-01	1.769894e+01	1.548235e-04	-1.248912e-04	-3.604112e-04	2.383582e+01	2.811309e-01	2.813807e-01	3.268529e+01	-1.498635e+01	-2.829995e-04	4.378230e-04
1.93          	5.618369e-01	1.769558e+01	1.551295e-04	-1.255736e-04	-3.631918e-04	2.382793e+01	2.807929e-01	2.810440e-01	3.267572e+01	-1.498014e+01	-2.856270e-04	4.407566e-04
1.94          	5.610042e-01	1.769227e+01	1.525272e-04	-1.242086e-04	-3.582658e-04	2.382073e+01	2.803779e-01	2.806263e-01	3.266686e+01	-1.497459e+01	-2.820022e-04	4.345294e-04
1.95          	5.601517e-01	1.768917e+01	1.473744e-04	-1.207652e-04	-3.482775e-04	2.381424e+01	2.799551e-01	2.801966e-01	3.265883e+01	-1.496965e+01	-2.745903e-04	4.219647e-04
1.96          	5.591573e-01	1.768627e+01	1.421854e-04	-1.174038e-04	-3.394068e-04	2.380846e+01	2.794613e-01	2.796961e-01	3.265159e+01	-1.496532e+01	-2.683140e-04	4.104995e-04
1.97          	5.581734e-01	1.768379e+01	1.370506e-04	-1.136114e-04	-3.304880e-04	2.380353e+01	2.789731e-01	2.792003e-01	3.264543e+01	-1.496164e+01	-2.619627e-04	3.990132e-04
1.98          	5.570807e-01	1.768162e+01	1.335521e-04	-1.118550e-04	-3.240084e-04	2.379938e+01	2.784285e-01	2.786522e-01	3.264019e+01	-1.495857e+01	-2.572324e-04	3.907845e-04
1.99          	5.560448e-01	1.767986e+01	1.308193e-04	-1.111027e-04	-3.184777e-04	2.379613e+01	2.779113e-01	2.781335e-01	3.263606e+01	-1.495620e+01	-2.530681e-04	3.838874e-04
2             	5.549603e-01	1.767836e+01	1.296888e-04	-1.104580e-04	-3.148210e-04	2.379364e+01	2.773697e-01	2.775906e-01	3.263282e+01	-1.495446e+01	-2.499766e-04	3.796654e-04
2.01          	5.539941e-01	1.767743e+01	1.297289e-04	-1.091378e-04	-3.129054e-04	2.379210e+01	2.768879e-01	2.771062e-01	3.263082e+01	-1.495339e+01	-2.480410e-04	3.777698e-04
2.02          	5.530269e-01	1.767709e+01	1.294019e-04	-1.065323e-04	-3.093957e-04	2.379140e+01	2.764069e-01	2.766200e-01	3.262995e+01	-1.495286e+01	-2.446948e-04	3.740966e-04
2.03          	5.522051e-01	1.767739e+01	1.294315e-04	-1.050660e-04	-3.080412e-04	2.379149e+01	2.759975e-01	2.762076e-01	3.263019e+01	-1.495280e+01	-2.433254e-04	3.727569e-04
2.04          	5.513959e-01	1.767804e+01	1.285063e-04	-1.021814e-04	-3.060996e-04	2.379215e+01	2.755957e-01	2.758001e-01	3.263117e+01	-1.495313e+01	-2.418465e-04	3.703528e-04
2.05          	5.507232e-01	1.767883e+01	1.272143e-04	-9.929122e-05	-3.032685e-04	2.379307e+01	2.752623e-01	2.754609e-01	3.263249e+01	-1.495365e+01	-2.396613e-04	3.668756e-04
2.06          	5.500484e-01	1.767947e+01	1.237985e-04	-9.584958e-05	-2.947251e-04	2.379404e+01	2.749284e-01	2.751201e-01	3.263377e+01	-1.495431e+01	-2.328258e-04	3.566244e-04
2.07          	5.495023e-01	1.768010e+01	1.203873e-04	-9.222580e-05	-2.844892e-04	2.379522e+01	2.746589e-01	2.748434e-01	3.263527e+01	-1.495517e+01	-2.242956e-04	3.446829e-04
2.08          	5.489511e-01	1.768071e+01	1.184455e-04	-8.750565e-05	-2.757083e-04	2.379660e+01	2.743880e-01	2.745630e-01	3.263696e+01	-1.495625e+01	-2.164856e-04	3.349310e-04
2.09          	5.485461e-01	1.768148e+01	1.180178e-04	-8.069872e-05	-2.703582e-04	2.379830e+01	2.741923e-01	2.743537e-01	3.263904e+01	-1.495756e+01	-2.113494e-04	3.293671e-04
2.1           	5.481510e-01	1.768220e+01	1.181364e-04	-7.329603e-05	-2.670956e-04	2.380006e+01	2.740022e-01	2.741488e-01	3.264116e+01	-1.495896e+01	-2.080273e-04	3.261638e-04
2.11          	5.479103e-01	1.768300e+01	1.193779e-04	-6.927710e-05	-2.676555e-04	2.380215e+01	2.738859e-01	2.740244e-01	3.264365e+01	-1.496065e+01	-2.079665e-04	3.273444e-04
2.12          	5.476738e-01	1.768366e+01	1.197579e-04	-6.689199e-05	-2.661180e-04	2.380453e+01	2.737700e-01	2.739038e-01	3.264636e+01	-1.496270e+01	-2.062391e-04	3.259969e-04
2.13          	5.475741e-01	1.768435e+01	1.175656e-04	-6.384401e-05	-2.575158e-04	2.380737e+01	2.737232e-01	2.738509e-01	3.264954e+01	-1.496519e+01	-1.987330e-04	3.162986e-04
2.14          	5.474472e-01	1.768480e+01	1.116329e-04	-5.767667e-05	-2.385532e-04	2.381017e+01	2.736659e-01	2.737813e-01	3.265257e+01	-1.496776e+01	-1.827367e-04	2.943696e-04
2.15          	5.474043e-01	1.768510e+01	1.053316e-04	-5.075284e-05	-2.169371e-04	2.381264e+01	2.736514e-01	2.737529e-01	3.265519e+01	-1.497009e+01	-1.642713e-04	2.696029e-04
2.16          	5.472750e-01	1.768512e+01	9.868665e-05	-4.368410e-05	-1.952045e-04	2.381461e+01	2.735938e-01	2.736812e-01	3.265717e+01	-1.497206e+01	-1.458612e-04	2.445478e-04
2.17          	5.471797e-01	1.768518e+01	9.187066e-05	-3.691912e-05	-1.745507e-04	2.381641e+01	2.735529e-01	2.736268e-01	3.265900e+01	-1.497383e+01	-1.286154e-04	2.204860e-04
2.18          	5.469820e-01	1.768509e+01	8.420296e-05	-2.936383e-05	-1.540207e-04	2.381799e+01	2.734616e-01	2.735203e-01	3.266054e+01	-1.497545e+01	-1.119192e-04	1.961222e-04
2.19          	5.468236e-01	1.768496e+01	7.598511e-05	-2.180215e-05	-1.342197e-04	2.381935e+01	2.733900e-01	2.734336e-01	3.266183e+01	-1.497687e+01	-9.622719e-05	1.722123e-04
2.2           	5.465602e-01	1.768462e+01	6.748386e-05	-1.505308e-05	-1.153483e-04	2.382037e+01	2.732650e-01	2.732951e-01	3.266268e+01	-1.497806e+01	-8.160638e-05	1.490902e-04
2.21          	5.463159e-01	1.768426e+01	5.912126e-05	-9.748462e-06	-9.719330e-05	2.382113e+01	2.731482e-01	2.731677e-01	3.266326e+01	-1.497900e+01	-6.763267e-05	1.267539e-04
2.22          	5.459486e-01	1.768382e+01	5.175092e-05	-5.350579e-06	-8.144347e-05	2.382163e+01	2.729689e-01	2.729796e-01	3.266353e+01	-1.497972e+01	-5.556800e-05	1.073189e-04
2.23          	5.455972e-01	1.768349e+01	4.566294e-05	-1.935588e-06	-6.862040e-05	2.382203e+01	2.727967e-01	2.728005e-01	3.266378e+01	-1.498029e+01	-4.578893e-05	9.145187e-05
2.24          	5.451065e-01	1.768320e+01	4.119635e-05	-3.714981e-07	-5.842695e-05	2.382233e+01	2.725529e-01	2.725536e-01	3.266393e+01	-1.498073e+01	-3.782877e-05	7.902512e-05
2.25          	5.445986e-01	1.768316e+01	3.641866e-05	7.847338e-07	-4.824148e-05	2.382274e+01	2.723001e-01	2.722985e-01	3.266432e+01	-1.498116e+01	-3.003215e-05	6.645080e-05
2.26          	5.439354e-01	1.768327e+01	3.141675e-05	1.190536e-06	-3.943711e-05	2.382330e+01	2.719689e-01	2.719665e-01	3.266494e+01	-1.498167e+01	-2.372874e-05	5.514549e-05
2.27          	5.432655e-01	1.768372e+01	2.628434e-05	1.013174e-06	-3.237036e-05	2.382428e+01	2.716338e-01	2.716318e-01	3.266614e+01	-1.498242e+01	-1.922819e-05	4.551253e-05
2.28          	5.424775e-01	1.768446e+01	1.999449e-05	1.955329e-06	-2.252180e-05	2.382572e+01	2.712407e-01	2.712368e-01	3.266795e+01	-1.498349e+01	-1.252455e-05	3.251905e-05
2.29          	5.417379e-01	1.768566e+01	1.294680e-05	2.563539e-06	-1.028893e-05	2.382771e+01	2.708715e-01	2.708664e-01	3.267053e+01	-1.498488e+01	-3.815529e-06	1.676233e-05
2.3           	5.409324e-01	1.768710e+01	6.468547e-06	4.024434e-06	1.966081e-06	2.383002e+01	2.704702e-01	2.704622e-01	3.267357e+01	-1.498647e+01	5.200355e-06	1.268193e-06
2.31          	5.402059e-01	1.768894e+01	1.129852e-06	4.972106e-06	1.315001e-05	2.383273e+01	2.701079e-01	2.700980e-01	3.267720e+01	-1.498826e+01	1.371494e-05	-1.258509e-05
2.32          	5.394356e-01	1.769097e+01	-3.435453e-06	5.193610e-06	2.441046e-05	2.383571e+01	2.697230e-01	2.697126e-01	3.268119e+01	-1.499023e+01	2.269274e-05	-2.612819e-05
2.33          	5.387700e-01	1.769338e+01	-9.342930e-06	5.536534e-06	3.951692e-05	2.383923e+01	2.693905e-01	2.693794e-01	3.268592e+01	-1.499254e+01	3.484546e-05	-4.418839e-05
2.34          	5.380778e-01	1.769597e+01	-1.579470e-05	5.531088e-06	5.669778e-05	2.384321e+01	2.690444e-01	2.690334e-01	3.269120e+01	-1.499522e+01	4.880043e-05	-6.459513e-05
2.35          	5.374741e-01	1.769879e+01	-2.152260e-05	4.751753e-06	7.215151e-05	2.384775e+01	2.687418e-01	2.687323e-01	3.269714e+01	-1.499835e+01	6.139021e-05	-8.291281e-05
2.36          	5.368095e-01	1.770163e+01	-2.588516e-05	3.558756e-06	8.391306e-05	2.385273e+01	2.684083e-01	2.684012e-01	3.270355e+01	-1.500192e+01	7.097048e-05	-9.685564e-05
2.37          	5.362015e-01	1.770456e+01	-2.936046e-05	2.276347e-06	9.281307e-05	2.385815e+01	2.681030e-01	2.680985e-01	3.271043e+01	-1.500587e+01	7.813284e-05	-1.074933e-04
2.38          	5.355141e-01	1.770742e+01	-3.159913e-05	-6.704713e-08	9.802240e-05	2.386382e+01	2.677570e-01	2.677571e-01	3.271753e+01	-1.501011e+01	8.222284e-05	-1.138220e-04
2.39          	5.348817e-01	1.771023e+01	-3.326403e-05	-2.262902e-06	1.006242e-04	2.386970e+01	2.674386e-01	2.674431e-01	3.272482e+01	-1.501459e+01	8.399223e-05	-1.172563e-04
2.4           	5.341871e-01	1.771293e+01	-3.464857e-05	-3.303844e-06	1.028921e-04	2.387571e+01	2.670902e-01	2.670968e-01	3.273217e+01	-1.501925e+01	8.556780e-05	-1.202164e-04
2.41          	5.335664e-01	1.771562e+01	-3.573257e-05	-3.465633e-06	1.049491e-04	2.388192e+01	2.667797e-01	2.667867e-01	3.273973e+01	-1.502410e+01	8.708282e-05	-1.228154e-04
2.42          	5.328971e-01	1.771825e+01	-3.706438e-05	-2.870679e-06	1.081747e-04	2.388825e+01	2.664457e-01	2.664514e-01	3.274737e+01	-1.502912e+01	8.964256e-05	-1.267069e-04
2.43          	5.323170e-01	1.772092e+01	-3.811256e-05	-2.445236e-06	1.106121e-04	2.389479e+01	2.661560e-01	2.661609e-01	3.275525e+01	-1.503434e+01	9.155584e-05	-1.296684e-04
2.44          	5.316939e-01	1.772350e+01	-3.807665e-05	-2.318204e-06	1.099543e-04	2.390145e+01	2.658446e-01	2.658493e-01	3.276320e+01	-1.503970e+01	9.091599e-05	-1.289926e-04
2.45          	5.311650e-01	1.772612e+01	-3.669884e-05	-2.538160e-06	1.037916e-04	2.390831e+01	2.655800e-01	2.655851e-01	3.277137e+01	-1.504525e+01	8.544219e-05	-1.221410e-04
2.46          	5.306130e-01	1.772867e+01	-3.409044e-05	-3.996005e-06	9.573953e-05	2.391525e+01	2.653025e-01	2.653105e-01	3.277959e+01	-1.505092e+01	7.869431e-05	-1.127848e-04
2.47          	5.301725e-01	1.773126e+01	-3.002455e-05	-6.857391e-06	8.524715e-05	2.392228e+01	2.650794e-01	2.650931e-01	3.278791e+01	-1.505665e+01	7.023488e-05	-1.002594e-04
2.48          	5.297369e-01	1.773382e+01	-2.648737e-05	-9.415837e-06	7.742245e-05	2.392948e+01	2.648590e-01	2.648778e-01	3.279639e+01	-1.506257e+01	6.417877e-05	-9.066614e-05
2.49          	5.293992e-01	1.773633e+01	-2.207068e-05	-1.105944e-05	6.693230e-05	2.393660e+01	2.646885e-01	2.647106e-01	3.280476e+01	-1.506843e+01	5.589696e-05	-7.796764e-05
2.5           	5.289877e-01	1.773861e+01	-1.902822e-05	-1.118985e-05	5.950401e-05	2.394327e+01	2.644827e-01	2.645051e-01	3.281258e+01	-1.507397e+01	4.998990e-05	-6.901812e-05
2.51          	5.286088e-01	1.774070e+01	-1.733610e-05	-9.478981e-06	5.534652e-05	2.394945e+01	2.642949e-01	2.643139e-01	3.281980e+01	-1.507910e+01	4.667847e-05	-6.401457e-05
2.52          	5.281522e-01	1.774251e+01	-1.567672e-05	-7.636042e-06	5.135927e-05	2.395511e+01	2.640685e-01	2.640837e-01	3.282636e+01	-1.508385e+01	4.352091e-05	-5.919763e-05
2.53          	5.277925e-01	1.774422e+01	-1.422206e-05	-6.594614e-06	4.774013e-05	2.396059e+01	2.638897e-01	2.639029e-01	3.283270e+01	-1.508848e+01	4.062910e-05	-5.485116e-05
2.54          	5.274372e-01	1.774580e+01	-1.249502e-05	-6.813780e-06	4.418279e-05	2.396601e+01	2.637118e-01	2.637254e-01	3.283890e+01	-1.509311e+01	3.793528e-05	-5.043030e-05
2.55          	5.272183e-01	1.774733e+01	-1.100577e-05	-6.690872e-06	4.220967e-05	2.397129e+01	2.636024e-01	2.636158e-01	3.284496e+01	-1.509763e+01	3.670678e-05	-4.771256e-05
2.56          	5.270075e-01	1.774866e+01	-1.018267e-05	-4.974600e-06	4.303529e-05	2.397615e+01	2.634988e-01	2.635087e-01	3.285048e+01	-1.510182e+01	3.794395e-05	-4.812662e-05
2.57          	5.269259e-01	1.774983e+01	-9.084762e-06	-2.185540e-06	4.410319e-05	2.398055e+01	2.634608e-01	2.634651e-01	3.285547e+01	-1.510564e+01	3.956081e-05	-4.864557e-05
2.58          	5.268430e-01	1.775073e+01	-7.447907e-06	1.087710e-06	4.429174e-05	2.398438e+01	2.634226e-01	2.634204e-01	3.285975e+01	-1.510902e+01	4.056778e-05	-4.801569e-05
2.59          	5.268945e-01	1.775141e+01	-4.831112e-06	3.629621e-06	4.212132e-05	2.398771e+01	2.634509e-01	2.634436e-01	3.286341e+01	-1.511200e+01	3.970577e-05	-4.453688e-05
2.6           	5.269687e-01	1.775175e+01	-1.875848e-06	5.383311e-06	3.892876e-05	2.399045e+01	2.634897e-01	2.634789e-01	3.286632e+01	-1.511457e+01	3.799084e-05	-3.986668e-05
2.61          	5.272033e-01	1.775189e+01	1.293142e-06	6.077692e-06	3.495094e-05	2.399279e+01	2.636077e-01	2.635956e-01	3.286873e+01	-1.511684e+01	3.559751e-05	-3.430436e-05
2.62          	5.274676e-01	1.775177e+01	4.389521e-06	6.598848e-06	3.141280e-05	2.399473e+01	2.637404e-01	2.637272e-01	3.287061e+01	-1.511884e+01	3.360756e-05	-2.921804e-05
2.63          	5.278825e-01	1.775143e+01	7.555396e-06	7.821011e-06	2.797426e-05	2.399619e+01	2.639491e-01	2.639334e-01	3.287191e+01	-1.512048e+01	3.175196e-05	-2.419657e-05
2.64          	5.283044e-01	1.775070e+01	1.120936e-05	1.019018e-05	2.357637e-05	2.399695e+01	2.641624e-01	2.641420e-01	3.287230e+01	-1.512160e+01	2.918105e-05	-1.797169e-05
2.65          	5.288467e-01	1.774962e+01	1.533937e-05	1.248911e-05	1.764054e-05	2.399696e+01	2.644358e-01	2.644108e-01	3.287177e+01	-1.512215e+01	2.531022e-05	-9.970852e-06
2.66          	5.293825e-01	1.774818e+01	1.999819e-05	1.329435e-05	9.516261e-06	2.399630e+01	2.647045e-01	2.646779e-01	3.287038e+01	-1.512221e+01	1.951536e-05	4.828351e-07
2.67          	5.300458e-01	1.774661e+01	2.474554e-05	1.362186e-05	1.376861e-07	2.399527e+01	2.650365e-01	2.650093e-01	3.286858e+01	-1.512197e+01	1.251045e-05	1.223508e-05
2.68          	5.307185e-01	1.774491e+01	2.846670e-05	1.505326e-05	-7.513937e-06	2.399389e+01	2.653743e-01	2.653442e-01	3.286634e+01	-1.512143e+01	6.719414e-06	2.174729e-05
2.69          	5.315355e-01	1.774312e+01	3.023136e-05	1.825624e-05	-1.026848e-05	2.399205e+01	2.657860e-01	2.657495e-01	3.286361e+01	-1.512049e+01	4.847200e-06	2.538416e-05
2.7           	5.323643e-01	1.774114e+01	2.978728e-05	2.224084e-05	-6.901341e-06	2.398964e+01	2.662044e-01	2.661599e-01	3.286022e+01	-1.511907e+01	7.992298e-06	2.179498e-05
2.71          	5.333205e-01	1.773909e+01	2.847545e-05	2.610283e-05	-1.034929e-06	2.398690e+01	2.666863e-01	2.666341e-01	3.285645e+01	-1.511735e+01	1.320280e-05	1.527265e-05
2.72          	5.342480e-01	1.773693e+01	2.735950e-05	2.970444e-05	4.140985e-06	2.398391e+01	2.671537e-01	2.670943e-01	3.285238e+01	-1.511545e+01	1.782074e-05	9.538766e-06
2.73          	5.352542e-01	1.773481e+01	2.674832e-05	3.299613e-05	6.497223e-06	2.398090e+01	2.676601e-01	2.675941e-01	3.284831e+01	-1.511350e+01	1.987138e-05	6.876935e-06
2.74          	5.361926e-01	1.773272e+01	2.739151e-05	3.320069e-05	2.470248e-06	2.397785e+01	2.681295e-01	2.680631e-01	3.284421e+01	-1.511149e+01	1.616600e-05	1.122551e-05
2.75          	5.371788e-01	1.773080e+01	2.799862e-05	3.328023e-05	-1.659963e-06	2.397482e+01	2.686227e-01	2.685561e-01	3.284021e+01	-1.510942e+01	1.233935e-05	1.565927e-05
2.76          	5.381017e-01	1.772893e+01	2.744490e-05	3.488657e-05	-2.314633e-06	2.397162e+01	2.690857e-01	2.690160e-01	3.283609e+01	-1.510716e+01	1.140782e-05	1.603708e-05
2.77          	5.391158e-01	1.772717e+01	2.485582e-05	3.818607e-05	2.317675e-06	2.396829e+01	2.695961e-01	2.695197e-01	3.283187e+01	-1.510470e+01	1.474558e-05	1.011023e-05
2.78          	5.401074e-01	1.772546e+01	2.091034e-05	4.172864e-05	1.000950e-05	2.396476e+01	2.700954e-01	2.700120e-01	3.282748e+01	-1.510203e+01	2.046467e-05	4.456692e-07
2.79          	5.411818e-01	1.772387e+01	1.698886e-05	4.431809e-05	1.639975e-05	2.396114e+01	2.706352e-01	2.705466e-01	3.282308e+01	-1.509921e+01	2.489417e-05	-7.905316e-06
2.8           	5.421956e-01	1.772237e+01	1.357650e-05	4.557507e-05	1.965984e-05	2.395742e+01	2.711434e-01	2.710522e-01	3.281860e+01	-1.509623e+01	2.644809e-05	-1.287160e-05
2.81          	5.432601e-01	1.772110e+01	1.131490e-05	4.588412e-05	1.908743e-05	2.395371e+01	2.716760e-01	2.715842e-01	3.281426e+01	-1.509317e+01	2.474488e-05	-1.342998e-05
2.82          	5.442209e-01	1.771993e+01	1.038700e-05	4.591984e-05	1.682805e-05	2.394994e+01	2.721564e-01	2.720646e-01	3.280991e+01	-1.508997e+01	2.202155e-05	-1.163455e-05
2.83          	5.451886e-01	1.771892e+01	8.958194e-06	4.678216e-05	1.559220e-05	2.394615e+01	2.726411e-01	2.725475e-01	3.280561e+01	-1.508669e+01	2.007130e-05	-1.111310e-05
2.84          	5.460078e-01	1.771792e+01	8.082970e-06	4.777936e-05	1.506987e-05	2.394222e+01	2.730517e-01	2.729561e-01	3.280117e+01	-1.508326e+01	1.911136e-05	-1.102839e-05
2.85          	5.467744e-01	1.771687e+01	7.286137e-06	4.863354e-05	1.532431e-05	2.393810e+01	2.734358e-01	2.733386e-01	3.279653e+01	-1.507966e+01	1.896737e-05	-1.168124e-05
2.86          	5.473351e-01	1.771561e+01	6.942969e-06	4.842796e-05	1.497189e-05	2.393361e+01	2.737160e-01	2.736191e-01	3.279142e+01	-1.507581e+01	1.844337e-05	-1.150040e-05
2.87          	5.478032e-01	1.771420e+01	7.162613e-06	4.725425e-05	1.279401e-05	2.392883e+01	2.739488e-01	2.738543e-01	3.278593e+01	-1.507173e+01	1.637531e-05	-9.212701e-06
2.88          	5.480483e-01	1.771264e+01	6.970059e-06	4.649411e-05	1.059322e-05	2.392375e+01	2.740706e-01	2.739776e-01	3.278007e+01	-1.506743e+01	1.407825e-05	-7.108187e-06
2.89          	5.481991e-01	1.771106e+01	5.790558e-06	4.650693e-05	9.524138e-06	2.391853e+01	2.741461e-01	2.740531e-01	3.277406e+01	-1.506300e+01	1.241942e-05	-6.628859e-06
2.9           	5.481283e-01	1.770946e+01	4.397639e-06	4.801097e-05	8.811460e-06	2.391317e+01	2.741122e-01	2.740161e-01	3.276790e+01	-1.505844e+01	1.101028e-05	-6.612641e-06
2.91          	5.479641e-01	1.770792e+01	4.319512e-06	4.932140e-05	5.136868e-06	2.390775e+01	2.740314e-01	2.739327e-01	3.276171e+01	-1.505379e+01	7.296625e-06	-2.977112e-06
2.92          	5.475767e-01	1.770632e+01	5.922486e-06	4.958402e-05	-1.942000e-06	2.390215e+01	2.738379e-01	2.737388e-01	3.275531e+01	-1.504899e+01	1.019243e-06	4.903243e-06
2.93          	5.470964e-01	1.770467e+01	8.722301e-06	4.918478e-05	-1.120319e-05	2.389641e+01	2.735974e-01	2.734990e-01	3.274874e+01	-1.504407e+01	-6.842041e-06	1.556434e-05
2.94          	5.463931e-01	1.770288e+01	1.142077e-05	4.841701e-05	-1.977924e-05	2.389043e+01	2.732450e-01	2.731481e-01	3.274187e+01	-1.503899e+01	-1.406886e-05	2.548963e-05
2.95          	5.455995e-01	1.770103e+01	1.271086e-05	4.754921e-05	-2.503128e-05	2.388432e+01	2.728473e-01	2.727522e-01	3.273484e+01	-1.503381e+01	-1.867585e-05	3.138671e-05
2.96          	5.445944e-01	1.769907e+01	1.289177e-05	4.690098e-05	-2.790836e-05	2.387807e+01	2.723441e-01	2.722503e-01	3.272760e+01	-1.502854e+01	-2.146247e-05	3.435424e-05
2.97          	5.435121e-01	1.769712e+01	1.305750e-05	4.690174e-05	-3.081536e-05	2.387183e+01	2.718030e-01	2.717092e-01	3.272039e+01	-1.502327e+01	-2.428661e-05	3.734411e-05
2.98          	5.422432e-01	1.769516e+01	1.336944e-05	4.767521e-05	-3.433093e-05	2.386561e+01	2.711693e-01	2.710739e-01	3.271319e+01	-1.501803e+01	-2.764621e-05	4.101564e-05
2.99          	5.409309e-01	1.769329e+01	1.399606e-05	4.868714e-05	-3.825842e-05	2.385957e+01	2.705142e-01	2.704168e-01	3.270621e+01	-1.501293e+01	-3.126039e-05	4.525644e-05
3             	5.394657e-01	1.769146e+01	1.497528e-05	4.962276e-05	-4.220135e-05	2.385368e+01	2.697825e-01	2.696832e-01	3.269941e+01	-1.500795e+01	-3.471372e-05	4.968899e-05
3.01          	5.379794e-01	1.768973e+01	1.612895e-05	5.066391e-05	-4.565085e-05	2.384800e+01	2.690404e-01	2.689390e-01	3.269287e+01	-1.500314e+01	-3.758638e-05	5.371533e-05
3.02          	5.363644e-01	1.768803e+01	1.693430e-05	5.216403e-05	-4.763126e-05	2.384251e+01	2.682343e-01	2.681300e-01	3.268652e+01	-1.499849e+01	-3.916411e-05	5.609841e-05
3.03          	5.347564e-01	1.768643e+01	1.762097e-05	5.419966e-05	-4.938655e-05	2.383725e+01	2.674324e-01	2.673240e-01	3.268047e+01	-1.499403e+01	-4.057607e-05	5.819703e-05
3.04          	5.330472e-01	1.768485e+01	1.778043e-05	5.634047e-05	-4.987911e-05	2.383217e+01	2.665800e-01	2.664673e-01	3.267459e+01	-1.498974e+01	-4.098889e-05	5.876932e-05
3.05          	5.313793e-01	1.768338e+01	1.728775e-05	5.835480e-05	-4.865628e-05	2.382733e+01	2.657480e-01	2.656313e-01	3.266902e+01	-1.498564e+01	-4.001240e-05	5.730015e-05
3.06          	5.296486e-01	1.768193e+01	1.610955e-05	6.016114e-05	-4.573862e-05	2.382268e+01	2.648845e-01	2.647641e-01	3.266364e+01	-1.498171e+01	-3.768384e-05	5.379339e-05
3.07          	5.280007e-01	1.768057e+01	1.475517e-05	6.205024e-05	-4.241390e-05	2.381827e+01	2.640624e-01	2.639383e-01	3.265855e+01	-1.497798e+01	-3.503631e-05	4.979149e-05
3.08          	5.263263e-01	1.767921e+01	1.330408e-05	6.410307e-05	-3.869186e-05	2.381398e+01	2.632273e-01	2.630991e-01	3.265359e+01	-1.497438e+01	-3.203982e-05	4.534390e-05
3.09          	5.247661e-01	1.767794e+01	1.169661e-05	6.625864e-05	-3.487876e-05	2.380992e+01	2.624493e-01	2.623168e-01	3.264888e+01	-1.497095e+01	-2.903045e-05	4.072706e-05
3.1           	5.232002e-01	1.767666e+01	1.072337e-05	6.814271e-05	-3.244543e-05	2.380600e+01	2.616682e-01	2.615320e-01	3.264433e+01	-1.496767e+01	-2.708375e-05	3.780712e-05
3.11          	5.217567e-01	1.767539e+01	9.724089e-06	7.030297e-05	-3.028284e-05	2.380226e+01	2.609487e-01	2.608081e-01	3.263996e+01	-1.496457e+01	-2.542080e-05	3.514489e-05
3.12          	5.203083e-01	1.767405e+01	8.659223e-06	7.253018e-05	-2.863564e-05	2.379864e+01	2.602267e-01	2.600816e-01	3.263567e+01	-1.496162e+01	-2.430603e-05	3.296525e-05
3.13          	5.189934e-01	1.767282e+01	7.264728e-06	7.486550e-05	-2.747488e-05	2.379528e+01	2.595716e-01	2.594219e-01	3.263169e+01	-1.495887e+01	-2.384252e-05	3.110725e-05
3.14          	5.177013e-01	1.767172e+01	5.628158e-06	7.747981e-05	-2.630321e-05	2.379216e+01	2.589281e-01	2.587732e-01	3.262802e+01	-1.495630e+01	-2.348913e-05	2.911729e-05
3.15          	5.165691e-01	1.767084e+01	3.805442e-06	8.047051e-05	-2.392833e-05	2.378933e+01	2.583650e-01	2.582041e-01	3.262475e+01	-1.495391e+01	-2.202561e-05	2.583105e-05
3.16          	5.154754e-01	1.767006e+01	2.393812e-06	8.337690e-05	-2.215870e-05	2.378668e+01	2.578211e-01	2.576543e-01	3.262171e+01	-1.495164e+01	-2.096180e-05	2.335561e-05
3.17          	5.145353e-01	1.766937e+01	1.227286e-06	8.598579e-05	-2.106026e-05	2.378418e+01	2.573536e-01	2.571816e-01	3.261887e+01	-1.494949e+01	-2.044661e-05	2.167390e-05
3.18          	5.136125e-01	1.766862e+01	6.636628e-07	8.837095e-05	-2.129198e-05	2.378169e+01	2.568946e-01	2.567179e-01	3.261601e+01	-1.494738e+01	-2.096015e-05	2.162381e-05
3.19          	5.128203e-01	1.766787e+01	6.724926e-07	9.013482e-05	-2.309448e-05	2.377926e+01	2.565003e-01	2.563200e-01	3.261319e+01	-1.494532e+01	-2.275823e-05	2.343072e-05
3.2           	5.120270e-01	1.766706e+01	9.262931e-07	9.118807e-05	-2.592784e-05	2.377679e+01	2.561047e-01	2.559223e-01	3.261032e+01	-1.494326e+01	-2.546470e-05	2.639099e-05
3.21          	5.113526e-01	1.766627e+01	1.077279e-06	9.156926e-05	-2.851736e-05	2.377435e+01	2.557679e-01	2.555847e-01	3.260748e+01	-1.494122e+01	-2.797873e-05	2.905600e-05
3.22          	5.106784e-01	1.766545e+01	8.703235e-07	9.210288e-05	-2.965631e-05	2.377187e+01	2.554313e-01	2.552471e-01	3.260459e+01	-1.493914e+01	-2.922115e-05	3.009148e-05
3.23          	5.101331e-01	1.766468e+01	2.505680e-07	9.284306e-05	-2.932636e-05	2.376937e+01	2.551594e-01	2.549737e-01	3.260171e+01	-1.493703e+01	-2.920107e-05	2.945164e-05
3.24          	5.096022e-01	1.766387e+01	-1.003409e-07	9.388049e-05	-2.888435e-05	2.376677e+01	2.548950e-01	2.547072e-01	3.259870e+01	-1.493483e+01	-2.893452e-05	2.883418e-05
3.25          	5.092122e-01	1.766306e+01	2.242915e-07	9.493901e-05	-3.021416e-05	2.376410e+01	2.547011e-01	2.545112e-01	3.259563e+01	-1.493256e+01	-3.010201e-05	3.032630e-05
3.26          	5.088315e-01	1.766217e+01	1.180249e-06	9.560544e-05	-3.364497e-05	2.376126e+01	2.545114e-01	2.543201e-01	3.259235e+01	-1.493017e+01	-3.305485e-05	3.423510e-05
3.27          	5.085766e-01	1.766129e+01	2.703997e-06	9.570764e-05	-3.880100e-05	2.375835e+01	2.543840e-01	2.541926e-01	3.258899e+01	-1.492771e+01	-3.744900e-05	4.015300e-05
3.28          	5.083206e-01	1.766036e+01	4.645799e-06	9.491083e-05	-4.406685e-05	2.375533e+01	2.542552e-01	2.540654e-01	3.258551e+01	-1.492515e+01	-4.174395e-05	4.638975e-05
3.29          	5.081910e-01	1.765948e+01	6.480598e-06	9.361837e-05	-4.812097e-05	2.375228e+01	2.541891e-01	2.540019e-01	3.258202e+01	-1.492254e+01	-4.488068e-05	5.136127e-05
3.3           	5.080673e-01	1.765858e+01	7.793153e-06	9.222613e-05	-5.006914e-05	2.374915e+01	2.541259e-01	2.539414e-01	3.257844e+01	-1.491986e+01	-4.617256e-05	5.396571e-05
3.31          	5.080791e-01	1.765775e+01	8.603650e-06	9.095921e-05	-5.058230e-05	2.374604e+01	2.541305e-01	2.539486e-01	3.257492e+01	-1.491716e+01	-4.628048e-05	5.488413e-05
3.32          	5.081001e-01	1.765693e+01	8.373805e-06	9.029739e-05	-4.886861e-05	2.374291e+01	2.541404e-01	2.539598e-01	3.257138e+01	-1.491445e+01	-4.468171e-05	5.305551e-05
3.33          	5.082463e-01	1.765619e+01	7.439484e-06	9.005430e-05	-4.529650e-05	2.373989e+01	2.542132e-01	2.540331e-01	3.256799e+01	-1.491180e+01	-4.157676e-05	4.901624e-05
3.34          	5.083808e-01	1.765546e+01	6.149260e-06	8.967945e-05	-3.984029e-05	2.373697e+01	2.542801e-01	2.541007e-01	3.256471e+01	-1.490924e+01	-3.676566e-05	4.291492e-05
3.35          	5.086115e-01	1.765485e+01	5.156895e-06	8.868522e-05	-3.496096e-05	2.373424e+01	2.543945e-01	2.542171e-01	3.256166e+01	-1.490682e+01	-3.238251e-05	3.753941e-05
3.36          	5.088028e-01	1.765424e+01	3.922621e-06	8.720083e-05	-2.974443e-05	2.373164e+01	2.544886e-01	2.543142e-01	3.255876e+01	-1.490452e+01	-2.778312e-05	3.170574e-05
3.37          	5.090648e-01	1.765372e+01	2.950670e-06	8.494155e-05	-2.663790e-05	2.372927e+01	2.546173e-01	2.544475e-01	3.255613e+01	-1.490241e+01	-2.516257e-05	2.811324e-05
3.38          	5.092734e-01	1.765321e+01	1.834689e-06	8.247557e-05	-2.403697e-05	2.372708e+01	2.547192e-01	2.545542e-01	3.255369e+01	-1.490048e+01	-2.311963e-05	2.495432e-05
3.39          	5.095470e-01	1.765276e+01	3.076260e-07	8.064306e-05	-2.024364e-05	2.372513e+01	2.548541e-01	2.546929e-01	3.255151e+01	-1.489874e+01	-2.008982e-05	2.039745e-05
3.4           	5.097601e-01	1.765232e+01	-2.525622e-06	7.786155e-05	-1.279275e-05	2.372334e+01	2.549579e-01	2.548022e-01	3.254950e+01	-1.489718e+01	-1.405556e-05	1.152994e-05
3.41          	5.100311e-01	1.765199e+01	-6.214881e-06	7.507816e-05	-4.118953e-06	2.372190e+01	2.550906e-01	2.549405e-01	3.254789e+01	-1.489590e+01	-7.226394e-06	1.011513e-06
3.42          	5.102333e-01	1.765177e+01	-9.016961e-06	7.193310e-05	1.708432e-06	2.372088e+01	2.551886e-01	2.550447e-01	3.254677e+01	-1.489500e+01	-2.800048e-06	-6.216913e-06
3.43          	5.104854e-01	1.765174e+01	-9.833403e-06	6.714624e-05	2.270771e-06	2.372042e+01	2.553098e-01	2.551755e-01	3.254629e+01	-1.489455e+01	-2.645931e-06	-7.187472e-06
3.44          	5.106605e-01	1.765181e+01	-8.570355e-06	6.126899e-05	-2.349980e-06	2.372039e+01	2.553915e-01	2.552690e-01	3.254630e+01	-1.489449e+01	-6.635158e-06	-1.935198e-06
3.45          	5.108804e-01	1.765201e+01	-6.217844e-06	5.595124e-05	-9.827560e-06	2.372081e+01	2.554962e-01	2.553843e-01	3.254682e+01	-1.489481e+01	-1.293648e-05	6.718638e-06
3.46          	5.110281e-01	1.765226e+01	-3.221284e-06	5.184581e-05	-1.853559e-05	2.372160e+01	2.555659e-01	2.554622e-01	3.254773e+01	-1.489547e+01	-2.014623e-05	1.692494e-05
3.47          	5.112294e-01	1.765266e+01	-9.808049e-07	4.964476e-05	-2.565942e-05	2.372285e+01	2.556643e-01	2.555650e-01	3.254918e+01	-1.489652e+01	-2.614983e-05	2.516902e-05
3.48          	5.113693e-01	1.765316e+01	1.010679e-08	4.917549e-05	-3.016257e-05	2.372457e+01	2.557338e-01	2.556355e-01	3.255115e+01	-1.489799e+01	-3.015752e-05	3.016762e-05
3.49          	5.115700e-01	1.765387e+01	9.615542e-07	4.905009e-05	-3.514656e-05	2.372689e+01	2.558341e-01	2.557360e-01	3.255382e+01	-1.489996e+01	-3.466578e-05	3.562734e-05
3.5           	5.117188e-01	1.765469e+01	2.437070e-06	4.808114e-05	-4.139778e-05	2.372973e+01	2.559075e-01	2.558113e-01	3.255707e+01	-1.490238e+01	-4.017925e-05	4.261632e-05
3.51          	5.119439e-01	1.765569e+01	2.954970e-06	4.641053e-05	-4.456045e-05	2.373310e+01	2.560184e-01	2.559255e-01	3.256094e+01	-1.490526e+01	-4.308297e-05	4.603794e-05
3.52          	5.121270e-01	1.765674e+01	2.611767e-06	4.461379e-05	-4.416416e-05	2.373685e+01	2.561081e-01	2.560189e-01	3.256523e+01	-1.490848e+01	-4.285828e-05	4.547004e-05
3.53          	5.123870e-01	1.765791e+01	2.550686e-06	4.161754e-05	-4.399382e-05	2.374099e+01	2.562351e-01	2.561519e-01	3.256994e+01	-1.491203e+01	-4.271848e-05	4.526916e-05
3.54          	5.126076e-01	1.765909e+01	3.407503e-06	3.753460e-05	-4.609692e-05	2.374539e+01	2.563414e-01	2.562663e-01	3.257494e+01	-1.491585e+01	-4.439317e-05	4.780067e-05
3.55          	5.129083e-01	1.766033e+01	5.547282e-06	3.286468e-05	-5.150109e-05	2.375007e+01	2.564870e-01	2.564213e-01	3.258024e+01	-1.491991e+01	-4.872745e-05	5.427474e-05
3.56          	5.131648e-01	1.766152e+01	8.665050e-06	2.851878e-05	-5.934943e-05	2.375490e+01	2.566109e-01	2.565539e-01	3.258566e+01	-1.492414e+01	-5.501691e-05	6.368196e-05
3.57          	5.134976e-01	1.766273e+01	1.266382e-05	2.491707e-05	-6.919424e-05	2.375990e+01	2.567737e-01	2.567239e-01	3.259126e+01	-1.492854e+01	-6.286234e-05	7.552615e-05
3.58          	5.137916e-01	1.766387e+01	1.759857e-05	2.198032e-05	-8.211197e-05	2.376500e+01	2.569178e-01	2.568738e-01	3.259694e+01	-1.493307e+01	-7.331268e-05	9.091125e-05
3.59          	5.141746e-01	1.766501e+01	2.375535e-05	1.870991e-05	-9.918377e-05	2.377020e+01	2.571060e-01	2.570686e-01	3.260270e+01	-1.493770e+01	-8.730610e-05	1.110614e-04
3.6           	5.145316e-01	1.766604e+01	3.140236e-05	1.470001e-05	-1.207726e-04	2.377534e+01	2.572805e-01	2.572511e-01	3.260836e+01	-1.494232e+01	-1.050714e-04	1.364738e-04
3.61          	5.149861e-01	1.766704e+01	3.904688e-05	9.904580e-06	-1.431580e-04	2.378048e+01	2.575030e-01	2.574832e-01	3.261400e+01	-1.494696e+01	-1.236345e-04	1.626814e-04
3.62          	5.154220e-01	1.766793e+01	4.355332e-05	5.710193e-06	-1.570780e-04	2.378557e+01	2.577167e-01	2.577053e-01	3.261953e+01	-1.495160e+01	-1.353013e-04	1.788546e-04
3.63          	5.159531e-01	1.766876e+01	4.464997e-05	2.039609e-06	-1.609251e-04	2.379056e+01	2.579786e-01	2.579745e-01	3.262494e+01	-1.495618e+01	-1.386001e-04	1.832500e-04
3.64          	5.164451e-01	1.766945e+01	4.386830e-05	-1.569723e-06	-1.587271e-04	2.379535e+01	2.582210e-01	2.582241e-01	3.263007e+01	-1.496063e+01	-1.367930e-04	1.806613e-04
3.65          	5.170062e-01	1.767007e+01	4.293905e-05	-5.046575e-06	-1.554366e-04	2.379998e+01	2.584981e-01	2.585082e-01	3.263502e+01	-1.496495e+01	-1.339671e-04	1.769062e-04
3.66          	5.175095e-01	1.767057e+01	4.239777e-05	-7.617995e-06	-1.531617e-04	2.380438e+01	2.587471e-01	2.587624e-01	3.263967e+01	-1.496910e+01	-1.319628e-04	1.743606e-04
3.67          	5.180750e-01	1.767102e+01	4.253762e-05	-1.000098e-05	-1.531024e-04	2.380860e+01	2.590275e-01	2.590475e-01	3.264411e+01	-1.497309e+01	-1.318336e-04	1.743712e-04
3.68          	5.185844e-01	1.767138e+01	4.311574e-05	-1.284576e-05	-1.542817e-04	2.381256e+01	2.592794e-01	2.593051e-01	3.264825e+01	-1.497687e+01	-1.327238e-04	1.758396e-04
3.69          	5.191586e-01	1.767172e+01	4.304217e-05	-1.593626e-05	-1.534726e-04	2.381633e+01	2.595634e-01	2.595952e-01	3.265219e+01	-1.498047e+01	-1.319515e-04	1.749937e-04
3.7           	5.196744e-01	1.767197e+01	4.219200e-05	-1.840219e-05	-1.504641e-04	2.381979e+01	2.598188e-01	2.598556e-01	3.265577e+01	-1.498380e+01	-1.293681e-04	1.715601e-04
3.71          	5.202482e-01	1.767219e+01	4.138130e-05	-2.057280e-05	-1.470965e-04	2.382294e+01	2.601036e-01	2.601447e-01	3.265904e+01	-1.498685e+01	-1.264058e-04	1.677871e-04
3.72          	5.207599e-01	1.767234e+01	4.078667e-05	-2.238008e-05	-1.436815e-04	2.382578e+01	2.603575e-01	2.604023e-01	3.266195e+01	-1.498960e+01	-1.232881e-04	1.640748e-04
3.73          	5.213340e-01	1.767253e+01	4.081107e-05	-2.375631e-05	-1.416354e-04	2.382846e+01	2.606433e-01	2.606908e-01	3.266472e+01	-1.499219e+01	-1.212298e-04	1.620409e-04
3.74          	5.218601e-01	1.767273e+01	4.169949e-05	-2.471659e-05	-1.419385e-04	2.383097e+01	2.609053e-01	2.609547e-01	3.266734e+01	-1.499461e+01	-1.210888e-04	1.627883e-04
3.75          	5.224563e-01	1.767299e+01	4.304985e-05	-2.570135e-05	-1.430898e-04	2.383335e+01	2.612025e-01	2.612539e-01	3.266985e+01	-1.499685e+01	-1.215649e-04	1.646147e-04
3.76          	5.229955e-01	1.767324e+01	4.435868e-05	-2.703410e-05	-1.438295e-04	2.383546e+01	2.614707e-01	2.615248e-01	3.267207e+01	-1.499884e+01	-1.216501e-04	1.660088e-04
3.77          	5.235942e-01	1.767349e+01	4.518142e-05	-2.807225e-05	-1.432509e-04	2.383730e+01	2.617690e-01	2.618252e-01	3.267405e+01	-1.500056e+01	-1.206602e-04	1.658416e-04
3.78          	5.241360e-01	1.767370e+01	4.643455e-05	-2.890152e-05	-1.434389e-04	2.383884e+01	2.620391e-01	2.620969e-01	3.267569e+01	-1.500199e+01	-1.202217e-04	1.666562e-04
3.79          	5.247405e-01	1.767393e+01	4.806107e-05	-2.954555e-05	-1.446837e-04	2.384016e+01	2.623407e-01	2.623998e-01	3.267713e+01	-1.500320e+01	-1.206532e-04	1.687142e-04
3.8           	5.252779e-01	1.767410e+01	5.054223e-05	-3.067246e-05	-1.483830e-04	2.384120e+01	2.626083e-01	2.626696e-01	3.267825e+01	-1.500415e+01	-1.231119e-04	1.736541e-04
3.81          	5.258619e-01	1.767426e+01	5.367579e-05	-3.226717e-05	-1.541673e-04	2.384199e+01	2.628987e-01	2.629632e-01	3.267912e+01	-1.500486e+01	-1.273294e-04	1.810052e-04
3.82          	5.263640e-01	1.767435e+01	5.690888e-05	-3.401085e-05	-1.608196e-04	2.384247e+01	2.631480e-01	2.632160e-01	3.267965e+01	-1.500530e+01	-1.323652e-04	1.892740e-04
3.83          	5.268993e-01	1.767438e+01	6.068572e-05	-3.616584e-05	-1.692038e-04	2.384262e+01	2.634135e-01	2.634858e-01	3.267981e+01	-1.500543e+01	-1.388609e-04	1.995466e-04
3.84          	5.273403e-01	1.767426e+01	6.439544e-05	-3.815952e-05	-1.775221e-04	2.384226e+01	2.636320e-01	2.637083e-01	3.267939e+01	-1.500513e+01	-1.453244e-04	2.097198e-04
3.85          	5.277967e-01	1.767402e+01	6.753539e-05	-3.899214e-05	-1.840378e-04	2.384145e+01	2.638594e-01	2.639373e-01	3.267846e+01	-1.500443e+01	-1.502701e-04	2.178055e-04
3.86          	5.281385e-01	1.767365e+01	7.031637e-05	-3.836948e-05	-1.892554e-04	2.384025e+01	2.640309e-01	2.641076e-01	3.267708e+01	-1.500343e+01	-1.540973e-04	2.244136e-04
3.87          	5.284700e-01	1.767321e+01	7.255084e-05	-3.757828e-05	-1.943326e-04	2.383881e+01	2.641974e-01	2.642726e-01	3.267542e+01	-1.500221e+01	-1.580572e-04	2.306080e-04
3.88          	5.286661e-01	1.767265e+01	7.456246e-05	-3.744149e-05	-2.000155e-04	2.383708e+01	2.642956e-01	2.643705e-01	3.267341e+01	-1.500075e+01	-1.627343e-04	2.372968e-04
3.89          	5.288511e-01	1.767202e+01	7.609472e-05	-3.780373e-05	-2.045101e-04	2.383510e+01	2.643877e-01	2.644634e-01	3.267111e+01	-1.499909e+01	-1.664628e-04	2.425575e-04
3.9           	5.289044e-01	1.767126e+01	7.806877e-05	-3.873490e-05	-2.095216e-04	2.383280e+01	2.644134e-01	2.644909e-01	3.266843e+01	-1.499717e+01	-1.704872e-04	2.485560e-04
3.91          	5.289540e-01	1.767044e+01	8.017718e-05	-3.951108e-05	-2.143159e-04	2.383021e+01	2.644375e-01	2.645165e-01	3.266543e+01	-1.499500e+01	-1.742273e-04	2.544044e-04
3.92          	5.288910e-01	1.766948e+01	8.239404e-05	-4.021948e-05	-2.190718e-04	2.382727e+01	2.644053e-01	2.644857e-01	3.266201e+01	-1.499253e+01	-1.778748e-04	2.602688e-04
3.93          	5.288491e-01	1.766843e+01	8.462594e-05	-4.133120e-05	-2.237007e-04	2.382398e+01	2.643832e-01	2.644659e-01	3.265819e+01	-1.498976e+01	-1.813878e-04	2.660137e-04
3.94          	5.287148e-01	1.766726e+01	8.672635e-05	-4.201163e-05	-2.280226e-04	2.382040e+01	2.643154e-01	2.643994e-01	3.265403e+01	-1.498677e+01	-1.846595e-04	2.713858e-04
3.95          	5.286079e-01	1.766609e+01	8.816555e-05	-4.157537e-05	-2.308480e-04	2.381685e+01	2.642624e-01	2.643455e-01	3.264990e+01	-1.498380e+01	-1.867652e-04	2.749308e-04
3.96          	5.283937e-01	1.766492e+01	8.937077e-05	-4.121202e-05	-2.332654e-04	2.381335e+01	2.641557e-01	2.642381e-01	3.264581e+01	-1.498089e+01	-1.885800e-04	2.779508e-04
3.97          	5.281837e-01	1.766381e+01	9.096603e-05	-4.127560e-05	-2.364347e-04	2.381001e+01	2.640506e-01	2.641331e-01	3.264191e+01	-1.497810e+01	-1.909517e-04	2.819177e-04
3.98          	5.278557e-01	1.766266e+01	9.302473e-05	-4.222264e-05	-2.408134e-04	2.380662e+01	2.638856e-01	2.639701e-01	3.263795e+01	-1.497529e+01	-1.943011e-04	2.873258e-04
3.99          	5.275405e-01	1.766150e+01	9.563692e-05	-4.384919e-05	-2.456637e-04	2.380313e+01	2.637264e-01	2.638141e-01	3.263388e+01	-1.497238e+01	-1.978453e-04	2.934822e-04
4             	5.271245e-01	1.766026e+01	9.829591e-05	-4.506216e-05	-2.500614e-04	2.379949e+01	2.635172e-01	2.636073e-01	3.262962e+01	-1.496936e+01	-2.009134e-04	2.992093e-04
4.01          	5.267280e-01	1.765906e+01	1.008249e-04	-4.551502e-05	-2.542522e-04	2.379588e+01	2.633185e-01	2.634095e-01	3.262541e+01	-1.496635e+01	-2.038397e-04	3.046646e-04
4.02          	5.262302e-01	1.765790e+01	1.029142e-04	-4.542887e-05	-2.580538e-04	2.379242e+01	2.630697e-01	2.631605e-01	3.262137e+01	-1.496347e+01	-2.065968e-04	3.095109e-04
4.03          	5.257486e-01	1.765689e+01	1.046718e-04	-4.506280e-05	-2.613885e-04	2.378934e+01	2.628293e-01	2.629194e-01	3.261779e+01	-1.496089e+01	-2.090526e-04	3.137244e-04
4.04          	5.251524e-01	1.765601e+01	1.065866e-04	-4.478199e-05	-2.643271e-04	2.378664e+01	2.625314e-01	2.626210e-01	3.261464e+01	-1.495864e+01	-2.110339e-04	3.176204e-04
4.05          	5.245591e-01	1.765529e+01	1.084006e-04	-4.478731e-05	-2.675838e-04	2.378440e+01	2.622348e-01	2.623243e-01	3.261205e+01	-1.495675e+01	-2.133834e-04	3.217841e-04
4.06          	5.238575e-01	1.765473e+01	1.099863e-04	-4.504692e-05	-2.711179e-04	2.378261e+01	2.618837e-01	2.619738e-01	3.260998e+01	-1.495525e+01	-2.161248e-04	3.261110e-04
4.07          	5.231682e-01	1.765434e+01	1.121732e-04	-4.537327e-05	-2.766727e-04	2.378127e+01	2.615387e-01	2.616295e-01	3.260844e+01	-1.495410e+01	-2.205861e-04	3.327593e-04
4.08          	5.223908e-01	1.765405e+01	1.148820e-04	-4.579875e-05	-2.837033e-04	2.378024e+01	2.611496e-01	2.612412e-01	3.260726e+01	-1.495321e+01	-2.262623e-04	3.411443e-04
4.09          	5.216627e-01	1.765398e+01	1.171814e-04	-4.607780e-05	-2.899197e-04	2.377977e+01	2.607853e-01	2.608774e-01	3.260676e+01	-1.495278e+01	-2.313290e-04	3.485104e-04
4.1           	5.208799e-01	1.765415e+01	1.192154e-04	-4.651822e-05	-2.955436e-04	2.378005e+01	2.603934e-01	2.604865e-01	3.260712e+01	-1.495297e+01	-2.359359e-04	3.551514e-04
4.11          	5.201381e-01	1.765463e+01	1.219051e-04	-4.752536e-05	-3.029108e-04	2.378121e+01	2.600215e-01	2.601166e-01	3.260852e+01	-1.495390e+01	-2.419583e-04	3.638634e-04
4.12          	5.192760e-01	1.765537e+01	1.246022e-04	-4.838815e-05	-3.105512e-04	2.378314e+01	2.595896e-01	2.596864e-01	3.261082e+01	-1.495546e+01	-2.482501e-04	3.728523e-04
4.13          	5.184350e-01	1.765639e+01	1.275688e-04	-4.929246e-05	-3.194125e-04	2.378580e+01	2.591682e-01	2.592668e-01	3.261399e+01	-1.495760e+01	-2.556281e-04	3.831969e-04
4.14          	5.175239e-01	1.765760e+01	1.305420e-04	-5.040698e-05	-3.285001e-04	2.378902e+01	2.587115e-01	2.588124e-01	3.261782e+01	-1.496022e+01	-2.632290e-04	3.937711e-04
4.15          	5.166938e-01	1.765906e+01	1.325136e-04	-5.111709e-05	-3.344917e-04	2.379289e+01	2.582958e-01	2.583980e-01	3.262241e+01	-1.496336e+01	-2.682349e-04	4.007485e-04
4.16          	5.158550e-01	1.766074e+01	1.345299e-04	-5.345248e-05	-3.405620e-04	2.379746e+01	2.578741e-01	2.579810e-01	3.262783e+01	-1.496709e+01	-2.732971e-04	4.078270e-04
4.17          	5.151467e-01	1.766270e+01	1.364394e-04	-5.594416e-05	-3.463199e-04	2.380282e+01	2.575174e-01	2.576293e-01	3.263418e+01	-1.497147e+01	-2.781002e-04	4.145396e-04
4.18          	5.144505e-01	1.766484e+01	1.389187e-04	-5.849435e-05	-3.540226e-04	2.380878e+01	2.571668e-01	2.572837e-01	3.264120e+01	-1.497636e+01	-2.845632e-04	4.234819e-04
4.19          	5.138984e-01	1.766712e+01	1.414521e-04	-6.091787e-05	-3.623666e-04	2.381513e+01	2.568883e-01	2.570101e-01	3.264869e+01	-1.498157e+01	-2.916406e-04	4.330927e-04
4.2           	5.133816e-01	1.766943e+01	1.440945e-04	-6.340401e-05	-3.706719e-04	2.382165e+01	2.566274e-01	2.567542e-01	3.265637e+01	-1.498694e+01	-2.986247e-04	4.427192e-04
4.21          	5.130375e-01	1.767184e+01	1.461628e-04	-6.487716e-05	-3.780357e-04	2.382846e+01	2.564539e-01	2.565836e-01	3.266438e+01	-1.499254e+01	-3.049543e-04	4.511171e-04
4.22          	5.127654e-01	1.767432e+01	1.492295e-04	-6.580980e-05	-3.883815e-04	2.383553e+01	2.563169e-01	2.564485e-01	3.267269e+01	-1.499837e+01	-3.137667e-04	4.629962e-04
4.23          	5.126900e-01	1.767689e+01	1.536715e-04	-6.805190e-05	-4.002859e-04	2.384283e+01	2.562770e-01	2.564131e-01	3.268127e+01	-1.500438e+01	-3.234501e-04	4.771216e-04
4.24          	5.126851e-01	1.767945e+01	1.585191e-04	-7.105921e-05	-4.113138e-04	2.385023e+01	2.562715e-01	2.564136e-01	3.268995e+01	-1.501050e+01	-3.320542e-04	4.905733e-04
4.25          	5.128604e-01	1.768204e+01	1.636186e-04	-7.479509e-05	-4.229106e-04	2.385769e+01	2.563554e-01	2.565050e-01	3.269871e+01	-1.501667e+01	-3.411013e-04	5.047199e-04
4.26          	5.130950e-01	1.768455e+01	1.678023e-04	-7.794867e-05	-4.331686e-04	2.386507e+01	2.564695e-01	2.566254e-01	3.270734e+01	-1.502280e+01	-3.492675e-04	5.170698e-04
4.27          	5.135013e-01	1.768703e+01	1.709320e-04	-8.041011e-05	-4.419914e-04	2.387239e+01	2.566702e-01	2.568311e-01	3.271590e+01	-1.502888e+01	-3.565253e-04	5.274574e-04
4.28          	5.139557e-01	1.768940e+01	1.733620e-04	-8.196937e-05	-4.496654e-04	2.387954e+01	2.568959e-01	2.570598e-01	3.272424e+01	-1.503484e+01	-3.629844e-04	5.363464e-04
4.29          	5.145783e-01	1.769171e+01	1.756164e-04	-8.293688e-05	-4.568572e-04	2.388654e+01	2.572062e-01	2.573721e-01	3.273239e+01	-1.504068e+01	-3.690490e-04	5.446654e-04
4.3           	5.152351e-01	1.769389e+01	1.782276e-04	-8.422166e-05	-4.645876e-04	2.389329e+01	2.575333e-01	2.577017e-01	3.274023e+01	-1.504634e+01	-3.754738e-04	5.537014e-04
4.31          	5.160534e-01	1.769598e+01	1.811538e-04	-8.575913e-05	-4.736504e-04	2.389977e+01	2.579409e-01	2.581124e-01	3.274775e+01	-1.505178e+01	-3.830734e-04	5.642273e-04
4.32          	5.169104e-01	1.769787e+01	1.842918e-04	-8.733317e-05	-4.837644e-04	2.390586e+01	2.583679e-01	2.585425e-01	3.275480e+01	-1.505692e+01	-3.916185e-04	5.759103e-04
4.33          	5.179161e-01	1.769965e+01	1.871576e-04	-8.913099e-05	-4.931130e-04	2.391162e+01	2.588689e-01	2.590472e-01	3.276145e+01	-1.506180e+01	-3.995342e-04	5.866918e-04
4.34          	5.189333e-01	1.770123e+01	1.886514e-04	-8.985404e-05	-4.988432e-04	2.391700e+01	2.593768e-01	2.595565e-01	3.276762e+01	-1.506639e+01	-4.045175e-04	5.931689e-04
4.35          	5.200574e-01	1.770265e+01	1.892584e-04	-8.985323e-05	-5.021048e-04	2.392195e+01	2.599388e-01	2.601185e-01	3.277328e+01	-1.507062e+01	-4.074756e-04	5.967340e-04
4.36          	5.211534e-01	1.770383e+01	1.899471e-04	-8.979742e-05	-5.050325e-04	2.392629e+01	2.604869e-01	2.606665e-01	3.277821e+01	-1.507438e+01	-4.100589e-04	6.000060e-04
4.37          	5.223235e-01	1.770481e+01	1.912008e-04	-9.005154e-05	-5.090860e-04	2.393004e+01	2.610717e-01	2.612518e-01	3.278244e+01	-1.507763e+01	-4.134856e-04	6.046864e-04
4.38          	5.234462e-01	1.770553e+01	1.928164e-04	-9.032522e-05	-5.136633e-04	2.393316e+01	2.616328e-01	2.618134e-01	3.278593e+01	-1.508040e+01	-4.172550e-04	6.100715e-04
4.39          	5.246429e-01	1.770609e+01	1.946170e-04	-9.078971e-05	-5.185422e-04	2.393578e+01	2.622307e-01	2.624122e-01	3.278883e+01	-1.508274e+01	-4.212337e-04	6.158507e-04
4.4           	5.257886e-01	1.770640e+01	1.952511e-04	-9.081634e-05	-5.199896e-04	2.393784e+01	2.628035e-01	2.629851e-01	3.279104e+01	-1.508464e+01	-4.223640e-04	6.176151e-04
4.41          	5.269937e-01	1.770656e+01	1.957369e-04	-9.184838e-05	-5.214873e-04	2.393941e+01	2.634050e-01	2.635887e-01	3.279269e+01	-1.508613e+01	-4.236188e-04	6.193557e-04
4.42          	5.281146e-01	1.770651e+01	1.959714e-04	-9.326207e-05	-5.228139e-04	2.394049e+01	2.639640e-01	2.641506e-01	3.279375e+01	-1.508724e+01	-4.248282e-04	6.207997e-04
4.43          	5.292575e-01	1.770634e+01	1.960156e-04	-9.425951e-05	-5.240110e-04	2.394119e+01	2.645345e-01	2.647230e-01	3.279436e+01	-1.508802e+01	-4.260032e-04	6.220188e-04
4.44          	5.302919e-01	1.770599e+01	1.960248e-04	-9.469428e-05	-5.243534e-04	2.394144e+01	2.650513e-01	2.652407e-01	3.279444e+01	-1.508844e+01	-4.263410e-04	6.223658e-04
4.45          	5.313560e-01	1.770557e+01	1.961248e-04	-9.475726e-05	-5.249980e-04	2.394138e+01	2.655832e-01	2.657728e-01	3.279416e+01	-1.508860e+01	-4.269355e-04	6.230604e-04
4.46          	5.323289e-01	1.770498e+01	1.962417e-04	-9.445052e-05	-5.256640e-04	2.394093e+01	2.660700e-01	2.662589e-01	3.279342e+01	-1.508844e+01	-4.275432e-04	6.237849e-04
4.47          	5.333162e-01	1.770433e+01	1.965754e-04	-9.511938e-05	-5.279122e-04	2.394024e+01	2.665630e-01	2.667532e-01	3.279241e+01	-1.508807e+01	-4.296245e-04	6.261999e-04
4.48          	5.341785e-01	1.770360e+01	1.981744e-04	-9.726978e-05	-5.336438e-04	2.393936e+01	2.669920e-01	2.671865e-01	3.279116e+01	-1.508756e+01	-4.345566e-04	6.327310e-04
4.49          	5.350202e-01	1.770288e+01	2.003353e-04	-9.933541e-05	-5.404572e-04	2.393841e+01	2.674108e-01	2.676094e-01	3.278985e+01	-1.508696e+01	-4.402896e-04	6.406249e-04
4.5           	5.357208e-01	1.770208e+01	2.027311e-04	-1.000666e-04	-5.473970e-04	2.393723e+01	2.677603e-01	2.679605e-01	3.278826e+01	-1.508619e+01	-4.460314e-04	6.487625e-04
4.51          	5.364173e-01	1.770121e+01	2.050785e-04	-9.995725e-05	-5.543189e-04	2.393573e+01	2.681087e-01	2.683086e-01	3.278633e+01	-1.508512e+01	-4.517796e-04	6.568581e-04
4.52          	5.369840e-01	1.770019e+01	2.076995e-04	-1.008362e-04	-5.619162e-04	2.393378e+01	2.683911e-01	2.685928e-01	3.278387e+01	-1.508368e+01	-4.580665e-04	6.657660e-04
4.53          	5.375261e-01	1.769917e+01	2.110581e-04	-1.044302e-04	-5.711628e-04	2.393166e+01	2.686586e-01	2.688675e-01	3.278124e+01	-1.508207e+01	-4.656337e-04	6.766918e-04
4.54          	5.379029e-01	1.769809e+01	2.135865e-04	-1.081333e-04	-5.779609e-04	2.392933e+01	2.688433e-01	2.690596e-01	3.277837e+01	-1.508028e+01	-4.711677e-04	6.847542e-04
4.55          	5.382356e-01	1.769701e+01	2.141888e-04	-1.100762e-04	-5.799830e-04	2.392679e+01	2.690077e-01	2.692279e-01	3.277530e+01	-1.507829e+01	-4.728886e-04	6.870773e-04
4.56          	5.384102e-01	1.769581e+01	2.140632e-04	-1.104675e-04	-5.801979e-04	2.392384e+01	2.690946e-01	2.693155e-01	3.277174e+01	-1.507593e+01	-4.731663e-04	6.872295e-04
4.57          	5.385503e-01	1.769461e+01	2.145412e-04	-1.113897e-04	-5.822086e-04	2.392060e+01	2.691637e-01	2.693865e-01	3.276790e+01	-1.507330e+01	-4.749380e-04	6.894792e-04
4.58          	5.385303e-01	1.769338e+01	2.172771e-04	-1.158983e-04	-5.898759e-04	2.391724e+01	2.691493e-01	2.693810e-01	3.276393e+01	-1.507055e+01	-4.812373e-04	6.985144e-04
4.59          	5.384581e-01	1.769226e+01	2.205946e-04	-1.203844e-04	-5.991145e-04	2.391393e+01	2.691087e-01	2.693494e-01	3.276006e+01	-1.506780e+01	-4.888172e-04	7.094118e-04
4.6           	5.382129e-01	1.769114e+01	2.216887e-04	-1.210723e-04	-6.028501e-04	2.391054e+01	2.689854e-01	2.692275e-01	3.275611e+01	-1.506497e+01	-4.920057e-04	7.136944e-04
4.61          	5.379283e-01	1.769007e+01	2.215757e-04	-1.202015e-04	-6.029587e-04	2.390704e+01	2.688440e-01	2.690844e-01	3.275207e+01	-1.506201e+01	-4.921709e-04	7.137465e-04
4.62          	5.374844e-01	1.768894e+01	2.202102e-04	-1.190798e-04	-5.995046e-04	2.390332e+01	2.686231e-01	2.688613e-01	3.274779e+01	-1.505885e+01	-4.893995e-04	7.096097e-04
4.63          	5.370064e-01	1.768789e+01	2.196389e-04	-1.202730e-04	-5.978593e-04	2.389953e+01	2.683830e-01	2.686235e-01	3.274347e+01	-1.505559e+01	-4.880398e-04	7.076788e-04
4.64          	5.363710e-01	1.768682e+01	2.196255e-04	-1.222029e-04	-5.974158e-04	2.389568e+01	2.680633e-01	2.683077e-01	3.273909e+01	-1.505227e+01	-4.876030e-04	7.072285e-04
4.65          	5.357029e-01	1.768589e+01	2.209224e-04	-1.254690e-04	-5.998039e-04	2.389195e+01	2.677260e-01	2.679769e-01	3.273489e+01	-1.504901e+01	-4.893427e-04	7.102651e-04
4.66          	5.348772e-01	1.768502e+01	2.219184e-04	-1.281026e-04	-6.010728e-04	2.388841e+01	2.673105e-01	2.675667e-01	3.273092e+01	-1.504591e+01	-4.901136e-04	7.120320e-04
4.67          	5.340259e-01	1.768433e+01	2.217429e-04	-1.292729e-04	-5.993488e-04	2.388523e+01	2.668837e-01	2.671422e-01	3.272740e+01	-1.504306e+01	-4.884774e-04	7.102203e-04
4.68          	5.330352e-01	1.768370e+01	2.191795e-04	-1.274362e-04	-5.919096e-04	2.388223e+01	2.663902e-01	2.666450e-01	3.272407e+01	-1.504038e+01	-4.823199e-04	7.014994e-04
4.69          	5.320375e-01	1.768318e+01	2.168162e-04	-1.263962e-04	-5.849562e-04	2.387944e+01	2.658923e-01	2.661451e-01	3.272103e+01	-1.503785e+01	-4.765480e-04	6.933643e-04
4.7           	5.309047e-01	1.768271e+01	2.150848e-04	-1.263355e-04	-5.792518e-04	2.387685e+01	2.653260e-01	2.655787e-01	3.271820e+01	-1.503549e+01	-4.717094e-04	6.867942e-04
4.71          	5.297663e-01	1.768240e+01	2.134470e-04	-1.253357e-04	-5.728202e-04	2.387458e+01	2.647578e-01	2.650085e-01	3.271578e+01	-1.503338e+01	-4.660966e-04	6.795437e-04
4.72          	5.285095e-01	1.768213e+01	2.125776e-04	-1.243895e-04	-5.674542e-04	2.387258e+01	2.641303e-01	2.643791e-01	3.271365e+01	-1.503151e+01	-4.611654e-04	6.737430e-04
4.73          	5.272622e-01	1.768203e+01	2.124913e-04	-1.236933e-04	-5.640919e-04	2.387094e+01	2.635074e-01	2.637548e-01	3.271195e+01	-1.502993e+01	-4.578463e-04	6.703375e-04
4.74          	5.259020e-01	1.768194e+01	2.117084e-04	-1.221493e-04	-5.598340e-04	2.386948e+01	2.628288e-01	2.630731e-01	3.271045e+01	-1.502851e+01	-4.539799e-04	6.656882e-04
4.75          	5.245755e-01	1.768195e+01	2.103416e-04	-1.198582e-04	-5.545783e-04	2.386820e+01	2.621679e-01	2.624076e-01	3.270918e+01	-1.502723e+01	-4.494075e-04	6.597491e-04
4.76          	5.231787e-01	1.768194e+01	2.091573e-04	-1.178628e-04	-5.491990e-04	2.386704e+01	2.614715e-01	2.617072e-01	3.270801e+01	-1.502607e+01	-4.446203e-04	6.537777e-04
4.77          	5.218544e-01	1.768205e+01	2.075974e-04	-1.152375e-04	-5.417165e-04	2.386614e+01	2.608120e-01	2.610424e-01	3.270717e+01	-1.502512e+01	-4.379178e-04	6.455152e-04
4.78          	5.204950e-01	1.768215e+01	2.065519e-04	-1.139718e-04	-5.354463e-04	2.386545e+01	2.601335e-01	2.603615e-01	3.270653e+01	-1.502437e+01	-4.321703e-04	6.387222e-04
4.79          	5.192374e-01	1.768236e+01	2.059077e-04	-1.130959e-04	-5.308867e-04	2.386504e+01	2.595056e-01	2.597318e-01	3.270622e+01	-1.502386e+01	-4.279329e-04	6.338406e-04
4.8           	5.179589e-01	1.768251e+01	2.053987e-04	-1.117364e-04	-5.276571e-04	2.386470e+01	2.588677e-01	2.590912e-01	3.270595e+01	-1.502345e+01	-4.249578e-04	6.303565e-04
4.81          	5.167926e-01	1.768270e+01	2.043988e-04	-1.096165e-04	-5.230870e-04	2.386446e+01	2.582867e-01	2.585059e-01	3.270581e+01	-1.502311e+01	-4.208876e-04	6.252864e-04
4.82          	5.156284e-01	1.768284e+01	2.037541e-04	-1.074542e-04	-5.189564e-04	2.386425e+01	2.577068e-01	2.579217e-01	3.270567e+01	-1.502283e+01	-4.170793e-04	6.208334e-04
4.83          	5.146003e-01	1.768304e+01	2.032276e-04	-1.055051e-04	-5.152318e-04	2.386414e+01	2.571946e-01	2.574056e-01	3.270566e+01	-1.502262e+01	-4.136181e-04	6.168456e-04
4.84          	5.135908e-01	1.768318e+01	2.019944e-04	-1.033247e-04	-5.100893e-04	2.386402e+01	2.566921e-01	2.568987e-01	3.270561e+01	-1.502243e+01	-4.090922e-04	6.110865e-04
4.85          	5.127331e-01	1.768336e+01	2.004718e-04	-1.015608e-04	-5.052066e-04	2.386392e+01	2.562650e-01	2.564681e-01	3.270560e+01	-1.502224e+01	-4.049707e-04	6.054425e-04
4.86          	5.119040e-01	1.768341e+01	1.985894e-04	-9.879375e-05	-5.001319e-04	2.386367e+01	2.558532e-01	2.560508e-01	3.270537e+01	-1.502196e+01	-4.008372e-04	5.994266e-04
4.87          	5.112273e-01	1.768342e+01	1.958881e-04	-9.453405e-05	-4.939033e-04	2.386328e+01	2.555191e-01	2.557082e-01	3.270499e+01	-1.502157e+01	-3.959593e-04	5.918474e-04
4.88          	5.105702e-01	1.768330e+01	1.940505e-04	-9.067358e-05	-4.910261e-04	2.386269e+01	2.551944e-01	2.553758e-01	3.270434e+01	-1.502104e+01	-3.940008e-04	5.880513e-04
4.89          	5.100574e-01	1.768319e+01	1.939591e-04	-8.892961e-05	-4.932368e-04	2.386209e+01	2.549398e-01	2.551176e-01	3.270368e+01	-1.502049e+01	-3.962572e-04	5.902163e-04
4.9           	5.095553e-01	1.768302e+01	1.950948e-04	-8.947569e-05	-4.994555e-04	2.386146e+01	2.546882e-01	2.548671e-01	3.270297e+01	-1.501995e+01	-4.019081e-04	5.970029e-04
4.91          	5.091777e-01	1.768290e+01	1.961723e-04	-9.057956e-05	-5.052178e-04	2.386087e+01	2.544983e-01	2.546794e-01	3.270232e+01	-1.501942e+01	-4.071317e-04	6.033040e-04
4.92          	5.087939e-01	1.768270e+01	1.966081e-04	-9.092512e-05	-5.081610e-04	2.386022e+01	2.543060e-01	2.544879e-01	3.270157e+01	-1.501887e+01	-4.098569e-04	6.064650e-04
4.93          	5.085232e-01	1.768253e+01	1.967525e-04	-8.988337e-05	-5.093689e-04	2.385955e+01	2.541717e-01	2.543515e-01	3.270081e+01	-1.501829e+01	-4.109927e-04	6.077452e-04
4.94          	5.082397e-01	1.768229e+01	1.971649e-04	-8.865691e-05	-5.111560e-04	2.385883e+01	2.540312e-01	2.542085e-01	3.269997e+01	-1.501769e+01	-4.125736e-04	6.097385e-04
4.95          	5.080608e-01	1.768212e+01	1.992534e-04	-9.074463e-05	-5.186895e-04	2.385825e+01	2.539396e-01	2.541211e-01	3.269931e+01	-1.501719e+01	-4.190628e-04	6.183162e-04
4.96          	5.078573e-01	1.768195e+01	2.016509e-04	-9.448511e-05	-5.287757e-04	2.385778e+01	2.538342e-01	2.540231e-01	3.269875e+01	-1.501680e+01	-4.279503e-04	6.296012e-04
4.97          	5.077492e-01	1.768187e+01	2.032093e-04	-9.768286e-05	-5.378356e-04	2.385748e+01	2.537769e-01	2.539723e-01	3.269841e+01	-1.501654e+01	-4.362310e-04	6.394402e-04
4.98          	5.076066e-01	1.768175e+01	2.040131e-04	-9.957971e-05	-5.442977e-04	2.385718e+01	2.537037e-01	2.539029e-01	3.269805e+01	-1.501630e+01	-4.422912e-04	6.463043e-04
4.99          	5.075512e-01	1.768167e+01	2.039273e-04	-9.984073e-05	-5.471466e-04	2.385691e+01	2.536758e-01	2.538754e-01	3.269775e+01	-1.501607e+01	-4.451830e-04	6.491103e-04
5             	5.074592e-01	1.768154e+01	2.033997e-04	-9.951948e-05	-5.477162e-04	2.385659e+01	2.536301e-01	2.538291e-01	3.269736e+01	-1.501582e+01	-4.460164e-04	6.494160e-04
