/*--------------------------------*- C++ -*----------------------------------*\
| =========                 |                                                 |
| \\      /  F ield         | OpenFOAM: The Open Source CFD Toolbox           |
|  \\    /   O peration     | Version:  2312                                  |
|   \\  /    A nd           | Website:  www.openfoam.com                      |
|    \\/     M anipulation  |                                                 |
\*---------------------------------------------------------------------------*/
FoamFile
{
    version     2.0;
    format      ascii;
    arch        "LSB;label=32;scalar=64";
    class       volScalarField;
    location    "1000";
    object      nut;
}
// * * * * * * * * * * * * * * * * * * * * * * * * * * * * * * * * * * * * * //

dimensions      [0 2 -1 0 0 0 0];

internalField   uniform 0.087416;

boundaryField
{
    inlet
    {
        type            calculated;
        value           uniform 0.087416;
    }
    outlet
    {
        type            calculated;
        value           uniform 0.087416;
    }
    bottom
    {
        type            nutkWallFunction;
        blending        stepwise;
        value           nonuniform List<scalar> 
1380
(
0.000940998
0.000940998
0.000940998
0.000940998
0.000940998
0.000940998
0.000940998
0.000940998
0.000940998
0.000940069
0.000939197
0.000939196
0.000939197
0.000939191
0.000939194
0.000939194
0.000939194
0.000939197
0.000939236
0.000939326
0.000939366
0.000939369
0.000939369
0.000940998
0.000940998
0.000940998
0.000940998
0.000940998
0.000940998
0.000940998
0.000940998
0.000940998
0.000940123
0.000939292
0.000939279
0.000939279
0.000939275
0.000939277
0.000939277
0.000939277
0.00093928
0.000939275
0.00093932
0.000939404
0.00093945
0.00093945
0.000940998
0.000940998
0.000940998
0.000940998
0.000940998
0.000940998
0.000940998
0.000940998
0.000940998
0.000940126
0.000939292
0.00093928
0.00093928
0.000939275
0.000939279
0.000939276
0.000939277
0.00093928
0.000939273
0.000939276
0.000939318
0.000939407
0.000939451
0.000940998
0.000940998
0.000940998
0.000940998
0.000940998
0.000940998
0.000940998
0.000940998
0.000940318
0.000939513
0.000939291
0.000939279
0.000939279
0.000939273
0.00093928
0.000939275
0.000939277
0.00093928
0.000939275
0.000939277
0.000939275
0.000939323
0.000939374
0.000940998
0.000940998
0.000940998
0.000940998
0.000940998
0.000940998
0.000940998
0.000940998
0.000939832
0.000939077
0.000939283
0.000939277
0.00093928
0.000939275
0.00093928
0.000939275
0.000939277
0.00093928
0.000939275
0.000939277
0.000939276
0.000939285
0.000939336
0.000940998
0.000940998
0.000940998
0.000940998
0.000940998
0.000940998
0.000940998
0.000940998
0.000939792
0.00093902
0.000939278
0.000939275
0.000939278
0.000939272
0.000939278
0.000939272
0.000939275
0.000939278
0.000939272
0.000939276
0.000939275
0.000939348
0.000939409
0.000940998
0.000940998
0.000940998
0.000940998
0.000940998
0.000940998
0.000940998
0.000940998
0.00093975
0.000938977
0.00093928
0.000939277
0.00093928
0.000939273
0.000939279
0.000939275
0.000939277
0.00093928
0.000939276
0.000939285
0.000939282
0.000939364
0.000939346
0.000940998
0.000940998
0.000940998
0.000940998
0.000940998
0.000940998
0.000940998
0.000940998
0.000939753
0.000938977
0.00093928
0.000939277
0.00093928
0.000939275
0.00093928
0.000939275
0.000939277
0.00093928
0.000939279
0.000939292
0.000939305
0.000939308
0.000939254
0.000940998
0.000940998
0.000940998
0.000940998
0.000940998
0.000940998
0.000940998
0.000940998
0.000939964
0.000939168
0.000939282
0.00093928
0.000939283
0.000939277
0.00093928
0.000939276
0.000939279
0.000939285
0.000939288
0.000939301
0.000939314
0.000939285
0.00093925
0.000940998
0.000940998
0.000940998
0.000940998
0.000940998
0.000940998
0.000940998
0.000940998
0.00094012
0.000939269
0.000939207
0.00093921
0.00093921
0.000939249
0.000939296
0.000939293
0.000939296
0.000939301
0.000939305
0.000939306
0.000939299
0.000939286
0.000939269
0.000940998
0.000940998
0.000940998
0.000940998
0.000940998
0.000940998
0.000940998
0.000940998
0.00094008
0.000939295
0.000939335
0.000939342
0.000939341
0.000939382
0.000939428
0.000939425
0.000939428
0.000939425
0.000939411
0.000939395
0.000939376
0.000939438
0.000939467
0.000940998
0.000940998
0.000940998
0.000940998
0.000940998
0.000940998
0.000940998
0.000940998
0.000940121
0.00093941
0.000939467
0.000939468
0.000939467
0.000939467
0.000939467
0.000939467
0.000939465
0.000939467
0.00093946
0.000939458
0.000939449
0.000939556
0.000939642
0.000940998
0.000940998
0.000940998
0.000940998
0.000940998
0.000940998
0.000940998
0.000940998
0.000940193
0.000939473
0.000939452
0.000939454
0.000939454
0.000939451
0.000939454
0.000939451
0.000939454
0.000939454
0.000939451
0.000939454
0.000939451
0.000939538
0.000939652
0.000940998
0.000940998
0.000940998
0.000940998
0.000940998
0.000940998
0.000940998
0.000940563
0.000939813
0.000939468
0.00093945
0.00093945
0.000939452
0.000939447
0.000939452
0.000939447
0.000939452
0.00093945
0.00093945
0.00093945
0.00093945
0.000939493
0.000939609
0.000940998
0.000940998
0.000940998
0.000940998
0.000940998
0.000940998
0.000940998
0.00094019
0.000939477
0.000939454
0.000939444
0.000939447
0.00093945
0.000939444
0.00093945
0.000939444
0.00093945
0.000939447
0.000939447
0.000939447
0.000939447
0.000939447
0.000939562
0.000940998
0.000940998
0.000940998
0.000940998
0.000940998
0.000940998
0.000940561
0.000939813
0.000939465
0.000939454
0.000939447
0.00093945
0.000939452
0.000939447
0.000939452
0.000939447
0.000939452
0.00093945
0.000939448
0.000939451
0.00093945
0.00093945
0.000939565
0.000940998
0.000940998
0.000940998
0.000940998
0.000940998
0.000940998
0.000940188
0.000939481
0.000939452
0.000939452
0.000939447
0.00093945
0.000939452
0.000939447
0.000939452
0.000939447
0.000939452
0.00093945
0.000939447
0.000939452
0.00093945
0.00093945
0.000939565
0.000940998
0.000940998
0.000940998
0.000940998
0.000940998
0.000940559
0.000939812
0.000939471
0.00093945
0.000939451
0.000939448
0.00093945
0.000939452
0.000939447
0.000939452
0.000939447
0.000939452
0.00093945
0.000939447
0.000939452
0.00093945
0.00093945
0.000939565
0.000940998
0.000940998
0.000940998
0.000940998
0.000940998
0.000940185
0.000939482
0.000939456
0.000939446
0.000939449
0.000939449
0.000939449
0.000939452
0.000939446
0.000939452
0.000939446
0.000939452
0.000939449
0.000939446
0.000939451
0.000939448
0.000939448
0.00093952
0.000940191
0.000940197
0.000940173
0.000940179
0.000940185
0.000939802
0.000939456
0.000939437
0.000939429
0.000939434
0.000939431
0.000939432
0.000939435
0.000939429
0.000939435
0.00093943
0.000939436
0.000939433
0.000939432
0.000939435
0.000939433
0.000939434
0.000939464
0.000939869
0.00094025
0.000940251
0.000940266
0.000940266
0.000940252
0.000940235
0.000940232
0.000940229
0.000940232
0.000940229
0.00094023
0.000940232
0.000940229
0.000940232
0.000940229
0.000940231
0.00094023
0.00094023
0.00094023
0.00094023
0.00094023
0.000940244
0.000940271
0.000940576
0.000940322
0.000940147
0.000940152
0.000940193
0.000940196
0.000940194
0.000940193
0.000940196
0.000940193
0.000940196
0.000940195
0.0009402
0.000940255
0.000940302
0.000940306
0.000940305
0.000940302
0.000940305
0.000940302
0.000940304
0.000940333
0.000940297
0.000940144
0.000939659
0.000939328
0.000939333
0.000939375
0.000939377
0.000939419
0.00093946
0.000939463
0.00093946
0.000939463
0.000939461
0.000939462
0.000939512
0.000939547
0.000939595
0.000939638
0.000939632
0.000939636
0.000939625
0.000939691
0.000939717
0.000940294
0.000940148
0.000939619
0.000939279
0.000939279
0.000939277
0.000939277
0.000939365
0.000939448
0.00093945
0.00093945
0.00093945
0.000939451
0.000939448
0.000939457
0.000939454
0.000939503
0.000939589
0.000939623
0.000939627
0.000939667
0.000939768
0.000939738
0.000940293
0.000940148
0.00093962
0.000939279
0.000939277
0.000939277
0.000939321
0.000939409
0.000939447
0.00093945
0.00093945
0.00093945
0.000939452
0.000939447
0.000939451
0.000939451
0.000939458
0.000939503
0.00093958
0.000939626
0.000939709
0.000939808
0.000939735
0.000940293
0.000940148
0.000939619
0.000939277
0.000939277
0.000939321
0.000939407
0.000939452
0.000939448
0.000939452
0.000939452
0.000939452
0.000939455
0.000939449
0.000939451
0.00093945
0.000939451
0.000939456
0.000939494
0.000939586
0.000939659
0.000939779
0.000939735
0.000940293
0.000940148
0.000939662
0.000939364
0.000939365
0.000939409
0.000939452
0.000939455
0.000939448
0.00093945
0.00093945
0.00093945
0.000939452
0.000939447
0.00093945
0.00093945
0.00093945
0.000939454
0.000939451
0.000939499
0.000939543
0.000939672
0.000939745
0.000940293
0.000940148
0.000939705
0.00093945
0.00093945
0.00093945
0.00093945
0.000939452
0.000939447
0.00093945
0.00093945
0.00093945
0.000939452
0.000939447
0.00093945
0.00093945
0.00093945
0.000939452
0.000939448
0.000939453
0.000939459
0.000939542
0.000939671
0.000940293
0.000940149
0.000939706
0.000939451
0.000939451
0.00093945
0.00093945
0.000939452
0.000939447
0.00093945
0.00093945
0.00093945
0.000939452
0.000939447
0.00093945
0.00093945
0.00093945
0.000939452
0.000939447
0.000939451
0.000939455
0.00093946
0.000939514
0.000940295
0.000940148
0.000939705
0.00093945
0.00093945
0.00093945
0.00093945
0.000939452
0.000939447
0.00093945
0.00093945
0.00093945
0.000939452
0.000939447
0.00093945
0.00093945
0.00093945
0.000939452
0.000939447
0.00093945
0.000939458
0.000939448
0.000939447
0.000940291
0.000940145
0.000939702
0.000939447
0.000939447
0.000939447
0.000939447
0.00093945
0.000939444
0.000939447
0.000939447
0.000939447
0.00093945
0.000939444
0.000939447
0.000939447
0.000939447
0.00093945
0.000939444
0.000939447
0.000939457
0.00093945
0.000939448
0.000940294
0.000940148
0.000939706
0.000939451
0.00093945
0.00093945
0.00093945
0.000939452
0.000939447
0.00093945
0.00093945
0.00093945
0.000939452
0.000939447
0.00093945
0.00093945
0.000939451
0.000939455
0.000939449
0.000939454
0.000939458
0.00093945
0.00093945
0.000940294
0.000940148
0.000939705
0.00093945
0.000939451
0.000939448
0.00093945
0.000939452
0.000939447
0.00093945
0.000939451
0.000939452
0.000939455
0.000939449
0.000939452
0.000939452
0.000939451
0.000939452
0.000939447
0.000939452
0.000939455
0.00093945
0.00093945
0.000940295
0.000940149
0.000939705
0.00093945
0.000939454
0.000939449
0.000939452
0.000939455
0.000939449
0.000939452
0.000939451
0.00093945
0.000939452
0.000939447
0.000939451
0.000939448
0.00093945
0.000939452
0.000939447
0.000939452
0.000939455
0.00093945
0.000939493
0.000940294
0.000940149
0.000939706
0.00093945
0.000939452
0.000939447
0.00093945
0.000939452
0.000939447
0.000939451
0.000939448
0.00093945
0.000939452
0.000939447
0.000939452
0.000939447
0.00093945
0.000939452
0.000939447
0.000939452
0.000939455
0.00093945
0.000939536
0.000940294
0.000940147
0.000939705
0.000939451
0.000939454
0.000939447
0.00093945
0.000939452
0.000939447
0.000939452
0.000939447
0.00093945
0.000939452
0.000939447
0.000939452
0.000939447
0.00093945
0.000939452
0.000939447
0.000939452
0.000939455
0.000939493
0.000939579
0.000940294
0.000940147
0.000939705
0.00093945
0.000939452
0.000939447
0.00093945
0.000939452
0.000939447
0.000939452
0.000939447
0.00093945
0.000939452
0.000939447
0.000939452
0.000939447
0.00093945
0.000939452
0.000939447
0.000939452
0.000939498
0.000939579
0.000939622
0.000940294
0.000940147
0.000939706
0.000939451
0.000939452
0.000939447
0.00093945
0.000939452
0.000939447
0.000939452
0.000939447
0.00093945
0.000939452
0.000939447
0.000939452
0.000939447
0.00093945
0.000939452
0.000939447
0.000939495
0.000939586
0.000939624
0.000939624
0.000940294
0.000940147
0.000939705
0.00093945
0.000939452
0.000939447
0.00093945
0.000939452
0.000939447
0.000939452
0.000939447
0.00093945
0.000939452
0.000939447
0.000939454
0.000939449
0.000939452
0.000939455
0.000939492
0.000939584
0.000939629
0.000939622
0.000939622
0.000940292
0.000940144
0.000939702
0.000939447
0.000939451
0.000939447
0.00093945
0.000939452
0.000939447
0.000939452
0.000939447
0.00093945
0.000939452
0.000939447
0.000939451
0.000939444
0.000939447
0.000939493
0.000939573
0.000939622
0.000939625
0.000939619
0.000939619
0.000940302
0.000940206
0.000939755
0.000939455
0.000939468
0.000939461
0.000939464
0.000939467
0.000939461
0.000939467
0.000939461
0.000939464
0.000939467
0.000939461
0.000939467
0.000939504
0.00093955
0.000939596
0.000939633
0.000939639
0.000939642
0.000939636
0.000939636
0.000940295
0.000940219
0.000939776
0.00093945
0.000939452
0.000939447
0.00093945
0.000939452
0.000939447
0.000939452
0.000939447
0.00093945
0.000939452
0.000939447
0.000939495
0.000939576
0.000939622
0.000939625
0.000939619
0.000939625
0.000939627
0.000939622
0.000939622
0.000940295
0.000940233
0.000939791
0.000939435
0.000939424
0.000939432
0.00093945
0.000939452
0.000939447
0.000939452
0.000939447
0.00093945
0.000939495
0.000939533
0.000939582
0.000939619
0.000939622
0.000939625
0.000939619
0.000939625
0.000939627
0.000939622
0.000939622
0.000940338
0.000940233
0.00093979
0.00093945
0.000939452
0.000939432
0.000939421
0.000939424
0.000939418
0.000939467
0.000939504
0.000939507
0.000939553
0.00093959
0.000939596
0.00093959
0.000939593
0.000939596
0.00093959
0.000939596
0.000939599
0.000939593
0.000939593
0.000940367
0.000940218
0.000939833
0.000939493
0.000939495
0.000939533
0.000939537
0.000939537
0.000939533
0.000939582
0.000939619
0.000939623
0.000939623
0.000939619
0.000939625
0.000939619
0.000939623
0.000939623
0.000939619
0.000939625
0.000939627
0.000939622
0.000939622
0.000940381
0.000940233
0.000939876
0.000939579
0.000939582
0.000939619
0.000939625
0.000939622
0.000939619
0.000939625
0.000939619
0.000939625
0.000939622
0.000939619
0.000939625
0.000939619
0.000939625
0.000939622
0.000939619
0.000939625
0.000939627
0.000939622
0.000939622
0.000940424
0.000940276
0.000939876
0.000939622
0.000939625
0.000939619
0.000939625
0.000939622
0.000939619
0.000939625
0.000939619
0.000939625
0.000939622
0.000939619
0.000939625
0.000939619
0.000939625
0.000939622
0.000939619
0.000939625
0.000939627
0.000939622
0.000939622
0.000940453
0.000940318
0.000939876
0.000939622
0.000939625
0.000939619
0.000939625
0.000939622
0.000939619
0.000939625
0.000939619
0.000939625
0.000939622
0.000939619
0.000939625
0.000939619
0.000939625
0.000939622
0.000939619
0.000939625
0.000939627
0.000939622
0.000939622
0.000940496
0.000940347
0.000939905
0.00093965
0.000939653
0.000939647
0.000939653
0.00093965
0.000939647
0.000939653
0.000939647
0.000939653
0.00093965
0.000939647
0.000939653
0.000939647
0.000939653
0.00093965
0.000939647
0.000939653
0.000939656
0.00093965
0.00093965
0.000940468
0.000940319
0.000939876
0.000939623
0.000939623
0.000939619
0.000939625
0.000939622
0.000939619
0.000939625
0.000939619
0.000939625
0.000939622
0.000939619
0.000939625
0.000939619
0.000939625
0.000939622
0.000939619
0.000939625
0.000939627
0.000939622
0.000939622
0.000940468
0.000940318
0.000939876
0.000939625
0.000939622
0.000939619
0.000939625
0.000939622
0.000939619
0.000939625
0.000939619
0.000939625
0.000939622
0.000939619
0.000939625
0.000939619
0.000939625
0.000939622
0.000939619
0.000939625
0.000939627
0.000939622
0.000939622
0.000940468
0.000940318
0.000939876
0.000939625
0.000939622
0.000939619
0.000939625
0.000939622
0.000939619
0.000939625
0.000939619
0.000939625
0.000939622
0.000939619
0.000939625
0.000939619
0.000939625
0.000939622
0.000939619
0.000939625
0.000939627
0.000939665
0.000939708
0.000940468
0.000940318
0.000939862
0.00093961
0.000939622
0.000939619
0.000939625
0.000939622
0.000939619
0.000939625
0.000939619
0.000939625
0.000939622
0.000939619
0.000939625
0.000939619
0.000939625
0.000939622
0.000939619
0.000939625
0.00093967
0.000939751
0.000939794
0.000940468
0.000940304
0.000939862
0.000939625
0.000939622
0.000939619
0.000939625
0.000939622
0.00093962
0.000939623
0.000939619
0.000939625
0.000939622
0.00093962
0.000939623
0.000939619
0.000939625
0.000939622
0.000939662
0.000939711
0.000939756
0.000939794
0.000939794
0.000940454
0.000940304
0.000939876
0.00093961
0.000939593
0.00093959
0.000939596
0.000939593
0.000939607
0.000939622
0.000939619
0.000939625
0.000939622
0.000939622
0.000939622
0.000939662
0.000939711
0.000939708
0.000939749
0.000939795
0.000939799
0.000939794
0.000939794
0.000940469
0.000940318
0.000939877
0.000939623
0.000939622
0.000939619
0.000939625
0.000939622
0.000939607
0.000939593
0.00093959
0.000939596
0.000939636
0.000939679
0.000939679
0.000939719
0.000939768
0.000939765
0.000939765
0.000939765
0.000939771
0.000939765
0.000939765
0.000940469
0.000940318
0.000939879
0.000939622
0.000939622
0.000939619
0.000939625
0.000939622
0.000939665
0.000939708
0.000939705
0.000939711
0.000939751
0.000939794
0.000939794
0.000939791
0.000939797
0.000939794
0.000939794
0.000939794
0.000939799
0.000939794
0.000939794
0.000940454
0.000940318
0.000939922
0.000939708
0.000939708
0.000939705
0.000939711
0.000939708
0.000939751
0.000939794
0.000939791
0.000939797
0.000939794
0.000939794
0.000939794
0.000939791
0.000939797
0.000939794
0.000939794
0.000939794
0.000939799
0.000939794
0.000939794
0.000940469
0.000940318
0.000939965
0.000939794
0.000939794
0.000939791
0.000939797
0.000939794
0.000939794
0.000939794
0.000939791
0.000939797
0.000939794
0.000939794
0.000939794
0.000939791
0.000939797
0.000939794
0.000939794
0.000939794
0.000939799
0.000939794
0.000939794
0.000940469
0.000940331
0.000939994
0.000939822
0.000939822
0.000939819
0.000939825
0.000939822
0.000939822
0.000939822
0.000939819
0.000939825
0.000939822
0.000939822
0.000939822
0.000939819
0.000939825
0.000939822
0.000939822
0.000939822
0.000939828
0.000939822
0.000939822
)
;
    }
    top
    {
        type            symmetryPlane;
    }
    front
    {
        type            symmetryPlane;
    }
    back
    {
        type            symmetryPlane;
    }
    Geometry
    {
        type            nutkWallFunction;
        blending        stepwise;
        value           nonuniform List<scalar> 
4658
(
0.000134365
0.000134374
0.00013922
0.00013922
5.3539e-05
0.000136652
0.000136666
6.52181e-05
6.52181e-05
4.37554e-05
0.0001026
0.000173331
0.000103815
0.000134341
0.000134353
0.000102598
0.000102562
9.75534e-05
0.000170352
0.00013921
0.00017333
0.000103814
0.000104006
0.00010256
0.000170361
0.00013921
0.000135941
5.39954e-05
0.0001481
0.000135943
0.000148112
0.000155759
0.000192354
0.00016272
0.000124795
0.000192354
0.00016272
0.000124799
0.000155754
0.000114061
3.6831e-05
0.000135808
9.76795e-05
0.000107066
0.000183446
5.27848e-05
8.94792e-05
0.000163087
0.000125733
0.000179661
6.16869e-05
5.37407e-05
8.11142e-05
0.000135808
0.000159624
8.11127e-05
0.000114061
0.000159628
3.6831e-05
6.16906e-05
5.37482e-05
5.11916e-05
0.000122947
0.000127015
9.76798e-05
0.000113905
0.000117152
0.000114527
0.000112484
6.75119e-05
8.82916e-05
0.000117042
0.000172804
8.77529e-05
9.10399e-05
0.0001308
0.000133311
5.12011e-05
0.000122947
0.000127008
0.000113909
0.000117152
0.00011453
0.000112521
8.83133e-05
0.000117085
0.000172815
8.77634e-05
9.10401e-05
0.000130792
0.000133293
5.27755e-05
5.97282e-05
8.94342e-05
0.000163097
8.43647e-05
0.000161272
0.000110105
8.36946e-05
0.000194253
0.000190909
0.000125732
0.000179679
9.55061e-05
0.000123438
9.9186e-05
9.9186e-05
0.000123437
5.08206e-05
5.97206e-05
8.43881e-05
0.000161255
0.000110159
0.00019423
0.000190887
5.3546e-05
9.55061e-05
5.33073e-05
5.46838e-05
7.50151e-05
5.46838e-05
0.000100596
9.53537e-05
0.000156074
0.000156058
5.7614e-05
0.000155788
0.000159417
3.80558e-05
0.000198031
0.000198072
0.000160065
5.79022e-05
2.14387e-05
0.000111776
0.000111776
0.000139711
5.93891e-05
4.56538e-05
0.000100596
4.56538e-05
2.14387e-05
0.000111777
0.000111777
0.000139711
5.939e-05
4.37554e-05
6.56794e-05
8.12577e-05
0.000124228
0.000124735
0.000115872
0.000163249
7.93237e-05
7.75266e-05
7.93237e-05
7.75266e-05
8.12571e-05
0.000124227
0.000124735
0.000115876
0.000163248
5.7614e-05
0.000155793
0.000198031
0.000134616
2.99576e-05
0.000113785
0.000141232
0.000198072
3.97161e-05
2.99833e-05
0.000134536
5.09234e-05
0.000134616
0.000113785
0.000141232
3.97161e-05
2.99833e-05
9.42977e-05
0.000134536
6.23024e-05
3.68219e-05
0.000114088
0.000100606
4.56534e-05
0.000115664
4.24672e-05
0.000178599
6.28352e-05
0.000124015
8.10642e-05
0.000143973
0.000197492
9.58591e-05
9.5574e-05
7.68936e-05
9.59631e-05
0.000186029
0.000165133
0.000201512
6.665e-05
7.01091e-05
9.432e-05
0.00020766
0.000179657
3.96405e-05
3.79201e-05
8.45782e-05
0.000161275
9.42893e-05
0.000136344
9.70618e-05
5.93426e-05
7.03101e-05
9.43766e-05
6.68446e-05
0.00017013
5.77198e-05
0.000115087
0.000115664
7.24201e-05
0.000139736
2.14117e-05
0.000111212
5.42973e-05
4.19657e-05
0.000122837
4.19566e-05
0.000122818
4.24672e-05
5.90439e-05
7.21933e-05
6.16959e-05
4.64243e-05
7.85454e-05
0.000100606
4.56534e-05
4.64131e-05
7.85257e-05
6.23024e-05
3.68219e-05
7.7326e-05
0.000114088
5.77226e-05
0.000115098
0.000139736
0.000111208
2.14117e-05
7.2419e-05
4.19657e-05
0.000122843
4.19566e-05
0.000122824
5.90436e-05
7.21927e-05
5.45069e-05
7.72711e-05
0.000109143
0.000134979
6.27173e-05
0.000126457
0.00010591
0.00014798
0.000128308
9.89608e-05
0.000178595
6.28352e-05
0.000124015
8.10641e-05
0.000143968
0.00019749
8.47289e-05
0.000169318
5.94343e-05
0.000105034
0.000105041
5.94356e-05
0.000122885
0.000173218
4.16042e-05
8.75561e-05
9.16008e-05
0.000112613
8.83454e-05
6.77572e-05
0.000112179
6.73409e-05
0.00011249
0.000117711
8.05653e-05
0.000118516
0.000117043
9.55754e-05
5.32282e-05
4.38106e-05
9.59633e-05
0.000126435
0.000117075
0.000193657
8.97599e-05
4.51262e-05
0.00012637
5.2075e-05
0.000106231
2.8458e-05
0.000105746
0.000133121
0.00010601
7.72711e-05
0.000109143
0.000134979
0.00010591
0.00014798
0.000126455
9.89608e-05
0.000128297
5.94343e-05
0.00010504
5.94356e-05
0.000105047
8.4729e-05
0.000169319
0.00012289
0.000173218
8.75671e-05
9.15981e-05
0.000112629
8.83672e-05
6.77571e-05
0.000112184
6.73559e-05
0.000112527
0.00011771
5.16959e-05
8.05717e-05
0.000118537
0.000117085
0.000126441
0.000193657
8.97599e-05
0.000117077
0.000126368
0.000106231
5.20869e-05
0.000105746
0.000106009
0.000133112
6.99463e-05
0.000127112
9.84719e-05
0.000105169
0.000133042
9.54906e-05
6.36401e-05
0.000201277
0.000184062
0.000165395
0.000186582
6.66495e-05
9.4312e-05
0.000207666
3.96405e-05
0.000179671
3.78973e-05
8.45548e-05
0.000161279
8.57809e-05
0.000165493
8.86574e-05
3.79401e-05
0.000129321
0.000163112
8.9941e-05
0.0001101
4.07517e-05
0.000145301
8.55935e-05
8.30849e-05
0.000128531
3.37989e-05
0.000140593
0.000113558
7.97835e-05
0.000190955
0.000184643
0.000163715
0.000194598
0.000163976
0.000106806
0.000136345
5.93437e-05
9.70622e-05
6.68446e-05
0.000170141
5.08988e-05
7.01312e-05
6.17495e-05
0.000128504
8.55538e-05
8.30742e-05
6.31665e-05
0.00012333
3.83055e-05
0.000115448
9.91616e-05
5.11666e-05
5.14066e-05
5.1372e-05
5.22945e-05
7.39268e-05
0.000134261
0.000113246
5.09308e-05
4.37581e-05
9.17229e-05
3.83551e-05
5.11658e-05
4.49009e-05
0.000115448
9.91568e-05
5.22945e-05
0.000123328
3.83047e-05
7.39268e-05
0.000134261
0.000113246
5.09308e-05
4.37581e-05
9.17229e-05
5.11658e-05
3.83543e-05
6.99468e-05
6.16285e-05
0.000127105
9.84715e-05
9.549e-05
0.000133041
6.36401e-05
6.36401e-05
0.000165491
8.57826e-05
8.53021e-05
8.87078e-05
0.000129312
0.0001631
8.99852e-05
0.00011016
8.65584e-05
0.000145308
8.55939e-05
8.30847e-05
3.37968e-05
0.000128532
0.000140588
0.000113563
7.97755e-05
0.000190933
0.000184644
0.000163716
0.000194575
7.99047e-05
0.000163971
0.000106808
7.01317e-05
5.09159e-05
6.17495e-05
0.000128504
8.30742e-05
8.55538e-05
3.96157e-05
6.31665e-05
5.5427e-05
4.49971e-05
7.81884e-05
5.47026e-05
0.000135819
0.000135819
7.73282e-05
0.000159509
7.73326e-05
0.000159548
8.10962e-05
4.64439e-05
9.53409e-05
0.00016144
7.93071e-05
5.1414e-05
0.000161482
7.93117e-05
8.20051e-05
5.86001e-05
8.51611e-05
8.5145e-05
3.7905e-05
3.81908e-05
3.81908e-05
0.000119801
0.000119792
0.000117931
0.000113306
5.32285e-05
0.00016606
0.00018379
8.36964e-05
7.81884e-05
7.49994e-05
0.000169056
0.000113498
5.33188e-05
5.43044e-05
0.000117928
0.000107067
0.000129781
0.000113303
0.000185052
0.000129783
6.75118e-05
0.000185057
5.08198e-05
0.000166033
9.42913e-05
8.39646e-05
5.27946e-05
4.49009e-05
0.000109108
0.000107864
0.000126876
5.09234e-05
7.39169e-05
0.000109108
8.51496e-05
0.000107864
0.000126861
5.28074e-05
5.47016e-05
0.000105563
0.000105375
8.51654e-05
0.0001691
0.000113498
4.49971e-05
0.000105573
5.54348e-05
0.000105369
4.24621e-05
6.52058e-05
7.66919e-05
2.99576e-05
5.93308e-05
0.000156075
6.52051e-05
0.000156055
9.53298e-05
8.10826e-05
0.000116275
4.98942e-05
0.000116271
4.98945e-05
6.56794e-05
5.93259e-05
8.52356e-05
0.000207766
6.70654e-05
0.000115859
0.000159417
3.80558e-05
0.000160065
4.26783e-05
0.000141905
8.19899e-05
0.000116484
7.75082e-05
0.000141905
0.000116485
8.52361e-05
6.27174e-05
0.000207765
6.70649e-05
0.000115859
4.16042e-05
9.43078e-05
5.79022e-05
3.96862e-05
9.42981e-05
7.39177e-05
7.66919e-05
0.000119793
5.1332e-05
5.13691e-05
0.000119779
9.43036e-05
0.000105167
3.79043e-05
3.96862e-05
6.22818e-05
0.000115082
5.77274e-05
0.000115695
0.000168408
8.46212e-05
0.000134788
0.000128606
0.000107159
0.00010891
6.56174e-05
4.38106e-05
0.000117867
6.16959e-05
5.85633e-05
9.41709e-05
0.00013309
8.58063e-05
0.000186448
8.55939e-05
4.07531e-05
0.000165471
0.000170103
0.000182647
0.00020193
0.000129303
4.75963e-05
0.00017069
0.000120072
0.00020705
3.9647e-05
4.6958e-05
0.000181572
9.27356e-05
0.000171048
0.000113517
7.50048e-05
0.000169088
7.81879e-05
4.4999e-05
5.376e-05
5.90284e-05
5.44819e-05
4.24617e-05
7.24201e-05
0.000111212
7.21933e-05
0.000115082
0.000115695
5.77274e-05
6.56162e-05
5.45069e-05
0.000116249
4.98839e-05
4.64942e-05
0.000111998
7.7326e-05
0.000116241
9.53409e-05
4.98839e-05
4.64942e-05
0.000111999
6.22818e-05
5.90357e-05
5.44842e-05
0.000111208
7.2419e-05
7.21927e-05
5.85982e-05
5.31872e-05
9.63703e-05
9.58601e-05
3.63001e-05
2.82025e-05
9.89608e-05
0.000105407
7.19755e-05
0.000168411
8.46202e-05
0.000159139
0.000184986
6.24626e-05
0.000159058
0.000144798
0.00019841
0.000179292
8.10103e-05
5.15595e-05
0.000126379
0.00015382
0.00019488
6.75004e-05
0.000190419
7.01095e-05
4.55767e-05
0.000182423
0.000112169
0.000112516
0.000122797
0.000118527
0.000128604
0.00010716
0.000134788
7.68923e-05
0.000108911
3.63551e-05
0.000195496
0.000154188
7.03101e-05
0.000190483
7.31133e-05
0.000207789
0.000182498
6.49479e-05
0.000118667
0.000118667
0.000117867
5.85633e-05
5.14125e-05
7.75082e-05
5.1414e-05
5.31872e-05
3.63001e-05
9.63703e-05
2.82025e-05
9.89608e-05
0.000105407
7.19747e-05
0.000159155
9.7552e-05
0.000184986
0.000159069
0.000144798
6.24638e-05
0.000198407
0.000179292
5.15564e-05
8.10085e-05
0.000126379
0.00015382
0.000194879
0.00019046
4.55751e-05
0.000182438
6.75077e-05
0.000112169
0.000112532
0.000122801
0.000118543
3.63551e-05
4.51256e-05
0.000195494
0.000154186
7.31118e-05
6.49471e-05
0.000207789
4.26783e-05
0.000190523
0.000182519
2.8458e-05
0.000118666
0.000118666
9.41573e-05
0.000133083
0.000137612
0.000120464
6.16285e-05
6.36401e-05
3.96395e-05
8.55927e-05
0.000170108
4.75956e-05
0.000182648
0.000170499
0.000129302
8.65615e-05
8.57586e-05
8.53049e-05
9.4369e-05
9.02383e-05
8.63859e-05
0.000105983
0.000162705
0.000209613
0.000161711
7.99052e-05
0.000209728
0.000186648
4.10073e-05
0.000146225
0.000120072
0.000207056
4.6958e-05
0.000181572
3.9647e-05
3.37953e-05
9.2736e-05
0.000170905
9.42654e-05
0.000133178
3.96157e-05
6.31665e-05
0.000133033
0.000105168
0.000129265
0.000165598
7.66343e-05
0.000109067
0.000115403
0.000129352
4.48691e-05
5.22764e-05
5.13324e-05
5.11666e-05
0.000129263
5.14062e-05
5.1372e-05
0.000165598
7.66343e-05
0.000109067
0.000115403
0.000129345
4.48691e-05
5.22764e-05
0.000137606
0.000120464
3.96384e-05
3.79738e-05
0.000201668
8.63819e-05
9.02875e-05
0.000184324
8.39751e-05
0.000165689
0.000186966
0.000105985
5.39966e-05
0.000162701
0.000209617
0.000161716
3.37953e-05
0.000209726
0.000186644
4.1008e-05
0.000146228
9.42828e-05
0.000133186
6.31665e-05
0.000133033
3.78908e-05
0.000105167
0.00010541
5.37591e-05
0.000105575
5.54367e-05
0.000113517
7.50204e-05
0.000169131
7.81879e-05
4.4999e-05
5.13691e-05
0.000105433
0.000105569
5.54291e-05
0.000134224
9.17717e-05
4.37823e-05
0.000113288
0.000165597
4.64506e-05
0.000112023
7.8572e-05
7.85609e-05
0.000112024
4.64882e-05
0.000161542
0.000113026
8.20201e-05
7.86578e-05
0.000116493
0.000124277
5.14125e-05
0.000171296
0.000112964
4.64882e-05
7.86377e-05
0.000141913
0.000124225
0.000171274
0.000113026
0.000161542
7.86578e-05
8.20201e-05
0.000116493
0.000124277
0.000171296
0.000112965
7.86383e-05
0.000141919
0.000124225
0.000171278
9.17717e-05
0.000134225
4.37823e-05
0.000113288
0.000165597
0.000126864
0.000107856
0.000107851
0.00012686
3.78951e-05
0.000171453
0.000104005
0.000172759
0.000171441
5.16957e-05
0.000172759
0.000147948
0.000147968
3.77748e-06
0
3.81687e-05
3.81725e-05
3.2475e-05
3.85754e-05
3.85353e-05
3.63472e-05
3.17048e-05
3.82419e-05
3.17048e-05
3.84422e-05
3.6011e-05
3.77467e-05
3.84422e-05
3.60116e-05
3.84821e-05
3.08668e-05
2.74543e-05
3.78906e-05
3.08668e-05
2.74543e-05
3.78842e-05
3.78906e-05
3.79998e-05
3.82953e-05
3.82658e-05
3.80821e-05
3.84015e-05
3.85865e-05
3.85509e-05
3.82658e-05
3.85865e-05
3.85509e-05
3.84026e-05
3.84026e-05
5.57477e-06
5.9489e-07
1.49953e-05
3.70846e-05
3.34984e-05
1.89597e-05
5.9489e-07
1.73779e-05
2.31474e-05
3.66092e-05
8.35355e-06
1.43615e-05
3.66092e-05
8.35355e-06
5.57477e-06
1.33142e-05
1.44315e-05
1.89597e-05
1.73971e-05
2.33066e-05
3.17288e-05
1.74485e-05
2.6928e-05
3.66373e-05
1.31437e-05
3.66373e-05
1.31446e-05
2.6928e-05
3.623e-05
2.23629e-05
2.31927e-05
4.86826e-06
3.79377e-05
1.48399e-05
2.42744e-05
3.79377e-05
1.48468e-05
2.42746e-05
3.623e-05
2.23629e-05
2.32407e-05
3.59306e-05
3.05616e-05
3.57733e-05
3.48265e-05
5.15957e-06
2.58212e-05
2.36562e-05
3.16256e-05
1.0211e-05
3.56414e-05
3.45838e-05
3.62799e-05
3.78263e-05
1.36661e-05
3.93273e-05
2.87957e-05
3.99931e-06
2.91879e-05
3.15293e-05
3.81119e-05
3.84233e-05
3.77456e-05
2.00582e-05
3.85524e-05
3.72399e-05
3.8423e-05
2.91595e-05
2.78372e-05
2.91913e-05
3.57004e-05
3.7961e-05
3.41297e-05
3.69958e-05
3.82612e-05
3.82899e-05
3.61294e-05
3.09467e-05
2.19496e-06
3.05124e-05
2.38118e-06
5.44053e-05
2.61033e-05
3.48235e-05
3.76669e-05
3.61028e-05
3.11574e-05
3.08655e-05
3.75589e-05
2.07642e-05
5.15957e-06
2.58212e-05
4.89143e-05
2.42274e-05
3.37936e-05
2.85322e-05
2.9729e-05
3.54339e-05
3.14669e-05
2.52677e-05
2.685e-05
2.36562e-05
3.66835e-05
3.47338e-05
1.60502e-05
1.88536e-05
3.7922e-05
2.66698e-05
3.74283e-05
3.7891e-05
1.88536e-05
3.57728e-05
1.60502e-05
3.79132e-05
2.66663e-05
3.74283e-05
3.78907e-05
2.07642e-05
4.89143e-05
2.42274e-05
2.685e-05
3.66835e-05
3.47347e-05
1.36661e-05
1.13323e-05
0
2.06578e-05
2.81257e-05
2.56695e-05
2.42953e-05
2.35958e-05
3.15214e-05
4.18975e-05
3.28063e-05
2.04522e-05
2.87957e-05
3.31194e-05
3.71815e-05
1.52667e-05
2.47148e-05
1.534e-05
3.78263e-05
1.13323e-05
0
2.06578e-05
2.81257e-05
2.56695e-05
2.42953e-05
2.37475e-05
2.04702e-05
3.31194e-05
3.71815e-05
8.00243e-05
0
2.00582e-05
2.8217e-05
2.66544e-05
3.28833e-05
1.32128e-05
1.66431e-05
4.02455e-05
2.66522e-05
4.71665e-06
3.46785e-05
3.28945e-05
3.32467e-05
3.85558e-05
3.72399e-05
3.84214e-05
3.86636e-05
3.3753e-05
3.84226e-05
3.12462e-05
3.75682e-05
2.45424e-05
1.94735e-05
3.77429e-05
3.8105e-05
3.84414e-05
3.82432e-05
3.75682e-05
1.51715e-05
2.45424e-05
2.065e-05
1.94735e-05
3.81152e-05
3.84248e-05
3.82456e-05
3.81051e-05
3.84436e-05
8.00243e-05
2.8217e-05
1.68753e-05
4.71665e-06
3.84215e-05
3.09442e-05
3.31547e-05
4.84554e-05
3.05124e-05
2.31826e-05
3.21411e-05
3.01895e-05
3.50054e-05
1.57544e-06
4.3852e-06
3.27403e-05
2.76593e-05
3.81754e-05
3.84424e-05
3.2179e-05
3.52053e-05
3.44665e-05
3.83211e-05
3.67181e-05
1.553e-05
1.59937e-05
2.19496e-06
1.22615e-05
3.84628e-05
3.85092e-05
3.85547e-05
3.82612e-05
3.61294e-05
3.83211e-05
3.67181e-05
1.22615e-05
3.09467e-05
2.30308e-05
1.55827e-05
1.59937e-05
3.84628e-05
3.85092e-05
3.85547e-05
2.31826e-05
3.21411e-05
5.49835e-06
3.81754e-05
3.84424e-05
5.57954e-06
3.20443e-05
3.27714e-05
3.80678e-05
1.65098e-05
2.89279e-05
5.26246e-05
3.21435e-05
3.99979e-05
3.79494e-05
3.62301e-05
3.70877e-05
3.62298e-05
3.83882e-05
3.54279e-05
3.54367e-05
2.39513e-05
5.48205e-05
3.19432e-05
2.65321e-05
2.53197e-05
3.68189e-05
1.39463e-05
1.67011e-05
1.87769e-05
1.45117e-05
1.74819e-05
1.59056e-05
1.38183e-05
1.53052e-05
1.68649e-05
3.77227e-05
3.68189e-05
0
1.67028e-05
1.39463e-05
1.87775e-05
1.45214e-05
1.5914e-05
1.74826e-05
5.57954e-06
3.77223e-05
1.53662e-05
1.41698e-05
1.72172e-05
3.19432e-05
2.223e-05
2.65342e-05
2.53197e-05
2.91508e-05
1.72622e-05
7.73645e-06
4.06211e-06
0
2.27442e-05
2.06578e-05
3.82323e-05
3.20443e-05
3.27714e-05
3.80678e-05
3.762e-05
3.82323e-05
7.73645e-06
4.06211e-06
0
2.27442e-05
2.06578e-05
3.70681e-05
2.00582e-05
8.51001e-06
4.85407e-06
2.24533e-06
1.32199e-05
2.3311e-05
2.65156e-05
1.90151e-05
1.90101e-05
2.89278e-05
5.26247e-05
3.21435e-05
3.99983e-05
1.90151e-05
1.90101e-05
2.65079e-05
3.70705e-05
2.00582e-05
8.51001e-06
1.33336e-05
2.31332e-06
2.38348e-05
2.39513e-05
3.2475e-05
3.83882e-05
5.60779e-05
1.67957e-05
3.85722e-05
3.54279e-05
3.54367e-05
5.60779e-05
3.85722e-05
1.67957e-05
3.79494e-05
3.81687e-05
3.35521e-05
3.47931e-05
3.07191e-05
2.61084e-05
2.00003e-05
3.36575e-05
5.47511e-05
2.99125e-05
3.49922e-05
3.0351e-05
3.64743e-05
3.80856e-05
8.355e-06
1.56731e-05
1.3693e-05
1.60378e-05
4.87407e-05
5.2944e-05
3.25983e-05
2.84002e-05
3.35793e-05
2.89658e-05
2.36532e-05
4.89202e-05
5.15772e-06
3.03495e-05
3.37023e-05
3.11334e-05
4.14265e-05
2.84602e-05
2.49655e-05
2.84092e-05
2.96384e-05
2.94834e-05
3.59868e-05
6.04015e-05
3.2095e-05
2.41969e-05
2.4805e-05
2.48846e-05
3.7446e-05
3.76518e-05
3.66372e-05
3.69929e-05
3.83578e-05
3.82367e-05
3.76464e-05
2.6545e-05
3.88863e-05
2.88618e-05
3.64403e-05
3.22692e-05
3.66143e-05
3.22345e-05
0
1.94488e-05
1.8933e-05
1.51674e-05
4.10042e-05
3.5565e-05
0
3.8142e-05
3.77464e-05
3.31646e-05
3.23509e-05
3.41411e-05
3.70327e-05
3.73142e-05
3.64355e-05
3.21443e-05
3.54415e-05
3.84938e-05
3.85352e-05
3.29725e-05
3.70764e-05
3.19479e-05
2.57124e-05
5.08231e-05
3.26703e-05
2.23573e-05
3.41799e-05
8.55812e-06
3.74529e-05
3.81612e-05
3.73754e-05
2.36641e-05
3.49999e-05
3.01374e-05
3.78388e-05
3.16987e-05
5.86401e-05
3.12406e-05
3.57369e-05
3.69918e-05
3.53686e-05
3.71055e-05
2.65706e-05
4.84668e-05
2.96751e-05
2.78806e-05
5.86725e-05
3.1715e-05
2.91976e-05
3.71065e-05
3.53767e-05
5.48205e-05
3.83841e-05
3.84224e-05
3.84107e-05
3.8475e-05
3.82225e-05
1.75002e-05
3.82227e-05
3.84778e-05
3.84149e-05
3.33363e-05
2.70895e-05
3.19449e-05
2.57376e-05
3.23289e-05
4.27724e-05
3.45753e-05
3.85777e-05
1.67745e-05
5.60689e-05
3.33535e-05
2.57388e-05
3.23237e-05
2.7087e-05
3.19468e-05
2.71101e-05
4.74483e-05
2.79511e-05
3.02882e-05
5.68871e-05
5.48592e-05
4.04057e-05
5.05647e-05
2.87309e-05
1.12418e-05
1.0446e-05
0
1.3988e-05
2.89743e-05
5.38296e-05
4.14026e-05
2.8684e-05
2.96662e-05
3.05098e-05
2.98609e-05
2.85657e-05
2.91978e-05
3.11253e-05
3.26646e-05
3.07127e-05
3.01275e-05
3.35237e-05
3.14077e-05
2.36532e-05
4.89202e-05
2.58201e-05
2.42282e-05
3.14346e-05
3.40661e-05
2.81058e-05
2.96394e-05
3.11635e-05
2.65667e-05
5.86717e-05
4.06729e-05
4.07469e-05
2.96878e-05
5.86939e-05
3.38159e-05
2.81429e-05
3.40856e-05
3.8139e-05
2.52542e-05
3.81374e-05
1.05823e-05
1.70269e-05
2.65122e-05
2.51827e-05
2.51851e-05
5.15772e-06
4.98276e-05
3.48326e-05
3.48695e-05
2.75308e-05
2.6818e-05
2.07312e-05
3.58561e-05
3.24867e-05
3.06344e-05
1.38063e-05
1.57385e-05
3.18619e-05
3.29603e-05
3.32861e-05
2.87179e-05
3.04729e-05
3.08518e-05
3.11585e-05
3.78925e-05
3.81917e-05
3.72772e-05
3.77631e-05
3.83081e-05
3.52662e-05
3.85302e-05
3.82048e-05
3.79956e-05
2.5377e-05
2.79059e-05
3.54827e-05
1.50721e-05
1.51057e-05
5.04021e-05
4.87407e-05
3.25983e-05
2.84002e-05
3.35793e-05
2.89658e-05
1.7458e-05
1.87586e-05
2.14634e-05
1.80757e-05
1.80831e-05
2.14562e-05
2.09974e-05
3.38678e-05
1.68325e-05
1.88301e-05
5.1501e-05
2.6858e-05
3.06415e-05
4.43125e-05
3.03984e-05
3.57992e-05
3.80843e-05
2.48449e-05
2.66851e-05
2.02753e-05
3.84425e-05
3.18622e-05
3.29604e-05
2.87179e-05
3.04726e-05
3.08518e-05
3.64736e-05
3.80856e-05
1.38063e-05
1.57385e-05
1.36935e-05
3.72772e-05
3.77631e-05
3.85302e-05
3.79951e-05
2.53695e-05
2.79007e-05
3.54827e-05
1.50722e-05
1.51057e-05
5.04019e-05
5.1501e-05
2.6858e-05
3.06415e-05
4.43125e-05
1.7458e-05
1.87586e-05
2.09974e-05
3.38698e-05
1.68325e-05
1.88314e-05
2.14634e-05
1.80757e-05
2.14562e-05
1.80831e-05
8.355e-06
1.5673e-05
1.49976e-05
1.60378e-05
3.03989e-05
3.57995e-05
3.80843e-05
3.6474e-05
2.48765e-05
2.68059e-05
1.63032e-05
3.84425e-05
1.0446e-05
0
2.58201e-05
2.42282e-05
1.70269e-05
2.65122e-05
2.51827e-05
2.51851e-05
4.98299e-05
2.75318e-05
2.6818e-05
1.05496e-05
2.07312e-05
3.24867e-05
1.31924e-05
3.93761e-05
1.44445e-05
1.17775e-06
2.97433e-06
3.42824e-06
1.02554e-06
0
0
1.35651e-05
9.61529e-06
1.12754e-05
1.95969e-06
2.69279e-05
2.24976e-05
4.47302e-05
1.36074e-05
2.80989e-05
2.56695e-05
3.26558e-05
2.4292e-05
3.36256e-05
1.75341e-05
1.4572e-05
3.31719e-05
2.54116e-05
2.65139e-05
6.28284e-05
3.69957e-05
2.99586e-05
3.45732e-05
2.68759e-05
0
0
4.10042e-05
3.5565e-05
3.79974e-05
3.63485e-05
3.70919e-05
2.04617e-05
1.67256e-05
2.48862e-05
3.62855e-05
3.65388e-05
2.6545e-05
3.88863e-05
2.88618e-05
3.64403e-05
3.22692e-05
3.66143e-05
3.22345e-05
1.76291e-05
2.693e-05
2.47317e-05
1.61247e-05
1.3693e-05
1.78968e-05
2.56816e-05
1.75833e-05
2.59906e-05
1.69192e-05
1.61409e-05
1.84623e-05
1.56338e-05
1.83839e-05
1.9988e-05
2.04617e-05
1.67256e-05
2.48865e-05
3.62866e-05
2.42009e-05
2.51396e-05
2.55809e-05
2.70541e-05
2.47658e-05
1.67665e-05
1.61878e-05
1.40556e-05
1.78968e-05
2.56842e-05
1.75847e-05
2.59906e-05
1.69192e-05
1.61409e-05
1.84623e-05
1.56338e-05
1.83845e-05
1.73008e-05
1.76325e-05
1.99886e-05
3.7446e-05
3.76518e-05
3.69929e-05
3.83578e-05
3.82367e-05
3.93761e-05
1.44445e-05
1.17775e-06
2.97433e-06
3.42824e-06
1.02554e-06
0
1.35651e-05
9.61529e-06
1.12754e-05
1.95969e-06
2.69279e-05
2.24976e-05
4.47302e-05
1.36073e-05
2.80989e-05
2.56695e-05
3.26558e-05
2.4292e-05
3.36256e-05
0
7.52663e-06
0
3.63485e-05
3.70919e-05
0
1.18304e-05
3.70125e-06
5.67828e-06
2.23573e-05
3.41799e-05
8.55581e-06
2.8217e-05
2.26606e-05
1.8536e-05
8.71065e-06
1.29553e-05
9.12696e-06
2.35694e-05
1.70425e-05
2.32143e-05
2.33384e-05
2.23783e-06
1.00539e-05
1.00508e-05
1.66403e-05
1.52869e-05
1.53004e-05
4.97553e-05
1.05049e-05
3.60217e-05
2.44272e-05
2.57346e-05
2.27682e-05
1.59599e-05
5.00785e-05
5.54347e-05
5.30512e-05
3.41827e-05
3.23989e-05
3.21092e-05
3.32353e-05
3.35265e-05
3.74529e-05
3.81633e-05
3.73754e-05
3.85737e-05
3.7021e-05
3.50223e-05
3.67215e-05
3.70808e-05
3.81145e-05
3.66154e-05
8.00383e-05
3.75969e-05
1.94371e-05
1.26816e-05
3.30719e-05
2.67102e-05
3.49634e-05
3.53777e-05
3.26947e-05
3.16952e-05
4.80392e-05
3.36504e-05
2.64304e-05
1.17885e-05
1.09321e-05
6.36059e-06
1.2681e-05
6.50367e-06
1.37685e-05
1.49794e-05
3.56639e-05
5.66393e-05
1.63312e-05
1.67379e-05
4.68953e-05
3.29723e-05
3.70764e-05
3.49667e-05
3.19544e-05
2.57203e-05
5.081e-05
3.26778e-05
3.85158e-05
3.84428e-05
3.73187e-05
2.67155e-05
3.3076e-05
3.73064e-05
3.41656e-05
3.30719e-05
2.67103e-05
3.26947e-05
3.16952e-05
3.36504e-05
4.80392e-05
3.49634e-05
3.23933e-05
1.26816e-05
1.23261e-05
2.06495e-05
1.82252e-05
2.64398e-05
1.17963e-05
1.49794e-05
3.5664e-05
5.66393e-05
1.63312e-05
1.67379e-05
4.68953e-05
1.09321e-05
6.36059e-06
1.82206e-05
1.63043e-05
1.23288e-05
1.2681e-05
6.50367e-06
1.37685e-05
3.84958e-05
2.67155e-05
3.3076e-05
3.73064e-05
3.41656e-05
3.85145e-05
3.84411e-05
0
1.18304e-05
3.70125e-06
5.67828e-06
5.22133e-06
2.8217e-05
2.26606e-05
1.8536e-05
1.68725e-05
1.57597e-05
1.57682e-05
1.08724e-05
1.10674e-05
2.27682e-05
3.8112e-05
8.00383e-05
2.57008e-05
3.21842e-05
2.38339e-05
3.41361e-05
2.98965e-05
3.08311e-05
3.1163e-05
3.44795e-05
3.01285e-05
3.57042e-05
2.96636e-05
2.65683e-05
2.71101e-05
4.74483e-05
2.79511e-05
3.02882e-05
5.68871e-05
5.48592e-05
3.95723e-05
4.49605e-05
2.29148e-05
3.01891e-05
2.29181e-05
3.57495e-05
3.12523e-05
2.81562e-05
2.81455e-05
2.91659e-05
3.01428e-05
2.36747e-05
1.58346e-06
4.37298e-06
5.84285e-06
3.30499e-05
3.29881e-05
2.92496e-05
5.76704e-05
4.17635e-05
3.5095e-05
2.94346e-05
3.32979e-05
3.54718e-05
3.8082e-05
2.3187e-05
3.04934e-05
2.26927e-05
4.49531e-05
3.37193e-05
3.31632e-05
3.1679e-05
4.78027e-05
3.38514e-05
3.35911e-05
3.25221e-05
2.86281e-05
3.85491e-05
3.82419e-05
3.85071e-05
1.73791e-05
3.09416e-05
3.33363e-05
2.70895e-05
3.19449e-05
2.57376e-05
3.23289e-05
4.27724e-05
4.66137e-05
2.1879e-06
3.23811e-05
3.31002e-05
3.34268e-05
3.0716e-05
4.7971e-05
1.22583e-05
3.79237e-05
3.83236e-05
3.84846e-05
3.75937e-05
3.78367e-05
3.85237e-05
3.58215e-05
3.84009e-05
3.78439e-05
3.85966e-05
3.85552e-05
3.72207e-05
3.67802e-05
3.86455e-05
3.83285e-05
3.74177e-05
3.6365e-05
3.7246e-05
3.69244e-05
3.70237e-05
3.80853e-05
3.81303e-05
3.72673e-05
3.33535e-05
3.85777e-05
1.67745e-05
5.60689e-05
2.57388e-05
3.23237e-05
2.7087e-05
3.19468e-05
3.59316e-05
3.60582e-05
3.57125e-05
3.82634e-05
3.84419e-05
3.83641e-05
3.84812e-05
3.7599e-05
3.79143e-05
3.83265e-05
3.7244e-05
3.31632e-05
3.1679e-05
3.38514e-05
4.78027e-05
3.35911e-05
3.25221e-05
2.86281e-05
3.83841e-05
3.84224e-05
3.84107e-05
3.8475e-05
3.82225e-05
3.85491e-05
3.85071e-05
3.82124e-05
4.66137e-05
2.1879e-06
3.23811e-05
3.31002e-05
3.0716e-05
3.34268e-05
1.22583e-05
1.75002e-05
1.73791e-05
3.09416e-05
3.72207e-05
3.67802e-05
3.86455e-05
3.83285e-05
3.74177e-05
3.7246e-05
3.69244e-05
3.70237e-05
3.80853e-05
3.81303e-05
3.72673e-05
3.74779e-05
3.79237e-05
3.83236e-05
3.84846e-05
3.75937e-05
3.78367e-05
3.83866e-05
3.85237e-05
3.58215e-05
3.84009e-05
3.85552e-05
3.85966e-05
3.59316e-05
3.57125e-05
3.56657e-05
3.82634e-05
3.8176e-05
3.84812e-05
3.7599e-05
3.79143e-05
3.83265e-05
3.41361e-05
2.98965e-05
3.08311e-05
4.26966e-05
3.95723e-05
2.37961e-06
5.49252e-06
3.5095e-05
2.94346e-05
3.32979e-05
3.54718e-05
3.8082e-05
5.31318e-05
3.04934e-05
4.49531e-05
3.37193e-05
3.35409e-05
3.27793e-05
3.20452e-05
4.00131e-05
3.21489e-05
5.26417e-05
2.8928e-05
7.49929e-06
6.47507e-06
1.49981e-05
2.14322e-05
3.81647e-05
1.49981e-05
2.14322e-05
1.56733e-05
3.81647e-05
6.47507e-06
2.53782e-05
3.81264e-05
3.06174e-05
3.33499e-05
3.24524e-05
2.8543e-05
3.64602e-05
2.88697e-05
3.88884e-05
2.65623e-05
3.27793e-05
3.20452e-05
2.85375e-05
3.33387e-05
3.24467e-05
3.06112e-05
3.06174e-05
3.33499e-05
2.8543e-05
3.24524e-05
3.64602e-05
2.88697e-05
2.65623e-05
3.88884e-05
2.85375e-05
3.33387e-05
3.24467e-05
3.06112e-05
2.53782e-05
4.00134e-05
3.21552e-05
5.26417e-05
2.89343e-05
3.75982e-05
3.74283e-05
1.89719e-05
3.26999e-05
3.78814e-05
3.79265e-05
1.89719e-05
1.27002e-05
3.39773e-05
3.75966e-05
3.80141e-05
3.03664e-05
3.75966e-05
3.80141e-05
3.03669e-05
3.17296e-05
3.26999e-05
3.85523e-05
3.83585e-05
3.85805e-05
3.84932e-05
3.82609e-05
3.85806e-05
3.84943e-05
3.85506e-05
3.83573e-05
3.03433e-05
3.59216e-05
3.61244e-05
3.78814e-05
3.79265e-05
3.03433e-05
3.11527e-05
3.35788e-05
2.89717e-05
3.25983e-05
2.83994e-05
2.04821e-05
1.88439e-05
3.83623e-05
3.22264e-05
3.22567e-05
3.6603e-05
3.86829e-05
3.8078e-05
3.66193e-05
3.26753e-05
2.5701e-05
5.08288e-05
3.19517e-05
3.83725e-05
3.70156e-05
2.95965e-05
2.9962e-05
3.34936e-05
3.29894e-05
3.11527e-05
4.87364e-05
3.35788e-05
2.89717e-05
3.25983e-05
2.83994e-05
1.88439e-05
3.06432e-05
2.6859e-05
5.00445e-05
3.70156e-05
2.95965e-05
3.34936e-05
2.9962e-05
3.29894e-05
3.32899e-05
3.06432e-05
2.6859e-05
3.44977e-05
3.55751e-05
3.71821e-05
3.85729e-05
3.85246e-05
3.85771e-05
3.84297e-05
3.43895e-05
3.58864e-05
3.44428e-05
3.51208e-05
3.44731e-05
2.91811e-05
2.75095e-05
3.42183e-05
3.12005e-05
4.38495e-05
3.83623e-05
3.60023e-05
3.22264e-05
3.22567e-05
3.6603e-05
3.86829e-05
3.66193e-05
3.6612e-05
3.69772e-05
3.44734e-05
3.44442e-05
3.51213e-05
3.5881e-05
3.76529e-05
3.85729e-05
3.85246e-05
3.85771e-05
3.84297e-05
3.58864e-05
3.44428e-05
3.51208e-05
3.44731e-05
2.91811e-05
2.75095e-05
3.12005e-05
5.39742e-05
3.69772e-05
3.44734e-05
3.44442e-05
3.5881e-05
3.51213e-05
3.71821e-05
3.85861e-05
3.8481e-05
3.81138e-05
3.26811e-05
2.57094e-05
5.08321e-05
3.19583e-05
3.85861e-05
3.8481e-05
3.8532e-05
3.88945e-05
3.77778e-05
3.79652e-05
3.77778e-05
3.85084e-05
3.85084e-05
3.84218e-05
3.84234e-05
3.81751e-05
3.79241e-05
3.84622e-05
3.841e-05
3.79241e-05
3.84622e-05
3.81751e-05
3.84422e-05
3.84422e-05
1.95568e-05
1.95564e-05
1.30883e-05
1.51406e-05
1.91207e-05
1.91209e-05
1.5168e-05
3.08244e-05
3.09534e-05
2.9905e-05
1.57893e-05
2.02308e-05
1.70292e-05
1.70292e-05
2.50177e-05
2.09404e-05
2.26736e-05
1.65118e-05
2.13373e-05
1.99256e-05
1.72846e-05
1.29951e-05
2.6901e-05
1.7033e-05
2.50177e-05
1.485e-05
1.91358e-05
2.0941e-05
2.26736e-05
1.65118e-05
2.13377e-05
1.99256e-05
1.72846e-05
1.29951e-05
2.6901e-05
1.68206e-05
2.00292e-05
1.59907e-05
1.55799e-05
1.68272e-05
1.59907e-05
2.00292e-05
3.87082e-05
3.87082e-05
5.97499e-07
3.17288e-05
4.86876e-06
3.14777e-05
1.49953e-05
2.223e-05
5.97499e-07
1.3313e-05
3.14777e-05
1.74485e-05
3.34984e-05
2.43138e-05
3.70846e-05
2.65156e-05
2.43209e-05
4.86679e-06
3.70877e-05
3.55926e-05
2.63755e-05
3.5149e-05
3.44177e-05
3.59306e-05
3.05616e-05
5.05603e-05
3.36637e-05
2.47148e-05
1.34796e-05
3.83264e-05
4.03503e-05
3.80818e-05
3.65388e-05
3.16256e-05
1.0211e-05
3.56414e-05
3.45838e-05
1.59508e-05
2.34823e-05
4.14245e-05
3.77546e-05
3.79974e-05
3.51492e-05
3.59691e-05
1.419e-05
2.27459e-05
3.85084e-05
3.83785e-05
3.84197e-05
3.76116e-05
3.60039e-05
1.12909e-05
3.31715e-05
3.64207e-05
3.99931e-06
5.71299e-06
3.85059e-05
2.91879e-05
3.15305e-05
1.51441e-05
2.065e-05
2.30308e-05
3.8288e-05
3.3874e-05
2.91595e-05
1.33264e-05
2.78372e-05
2.91913e-05
3.57004e-05
3.7961e-05
3.41297e-05
3.69958e-05
3.44179e-05
3.66824e-05
3.24037e-05
2.74628e-05
3.47431e-05
3.70551e-05
3.3548e-05
5.056e-05
3.36637e-05
4.0414e-05
3.11166e-05
2.96692e-05
3.93273e-05
2.85574e-05
2.868e-05
3.64738e-05
5.38453e-05
3.35374e-05
1.39704e-05
2.96929e-05
3.67227e-05
3.62814e-05
3.83175e-05
3.77201e-05
3.70918e-05
3.85595e-05
3.83113e-05
2.63755e-05
2.65575e-05
3.79751e-05
3.80141e-05
3.62821e-05
3.55933e-05
3.74283e-05
3.0634e-05
2.9693e-05
3.67235e-05
3.70925e-05
3.77208e-05
3.85595e-05
3.83113e-05
3.83081e-05
3.82046e-05
3.78925e-05
3.83175e-05
3.81917e-05
3.70993e-05
3.85028e-05
3.80141e-05
5.44144e-05
3.24179e-05
2.74631e-05
2.61033e-05
3.76669e-05
3.47431e-05
3.61028e-05
3.11627e-05
3.08655e-05
3.75589e-05
3.70551e-05
3.3548e-05
3.37936e-05
2.85322e-05
2.9729e-05
3.54339e-05
3.14669e-05
2.52677e-05
4.04138e-05
3.11167e-05
2.96692e-05
2.85574e-05
2.86798e-05
3.64738e-05
5.38453e-05
3.35374e-05
1.39704e-05
3.18331e-05
3.64376e-05
1.00055e-05
2.36237e-05
2.99882e-05
3.33089e-05
1.1893e-05
3.39881e-05
3.31965e-05
2.21583e-05
1.72933e-05
2.04498e-05
1.59508e-05
1.34523e-05
3.18445e-06
2.34822e-05
5.39537e-05
2.96447e-05
6.36059e-05
3.3696e-05
1.90908e-05
4.14245e-05
3.59691e-05
3.77546e-05
3.51492e-05
2.99654e-05
3.84937e-05
3.42512e-05
3.81937e-05
1.52624e-05
4.03503e-05
3.80818e-05
2.56781e-05
1.6364e-05
2.19053e-05
3.8179e-05
3.85277e-05
3.84974e-05
3.84541e-05
3.83699e-05
1.72933e-05
1.52624e-05
2.56781e-05
1.6364e-05
2.19053e-05
3.87152e-05
3.83264e-05
3.76464e-05
3.762e-05
3.85277e-05
3.84974e-05
3.84541e-05
3.83699e-05
3.18331e-05
3.64376e-05
2.36237e-05
1.00055e-05
2.99882e-05
1.1893e-05
3.33089e-05
3.39881e-05
3.31965e-05
2.04498e-05
3.13006e-05
2.21583e-05
1.34523e-05
3.18445e-06
5.39537e-05
2.96447e-05
6.36059e-05
3.3696e-05
1.90908e-05
3.15214e-05
4.18975e-05
3.28063e-05
3.84937e-05
2.99654e-05
3.81937e-05
3.42512e-05
3.60046e-05
3.31715e-05
1.12909e-05
3.64223e-05
5.22133e-06
5.30499e-05
3.70104e-05
3.27851e-05
1.59368e-05
3.01854e-05
2.97331e-05
3.32281e-05
8.62916e-06
5.71299e-06
2.38639e-05
3.66596e-05
9.05598e-06
3.28491e-05
3.85059e-05
3.84499e-05
1.63048e-05
1.09268e-05
3.23928e-05
1.26732e-05
3.84197e-05
3.76116e-05
3.75676e-05
3.12462e-05
1.419e-05
2.27459e-05
3.82899e-05
3.84499e-05
1.94371e-05
1.63048e-05
1.09268e-05
3.85084e-05
3.83785e-05
3.53805e-05
3.75676e-05
5.30497e-05
3.70098e-05
3.27851e-05
1.59368e-05
3.01854e-05
2.97331e-05
3.32281e-05
0
2.66544e-05
3.28833e-05
8.62916e-06
4.02455e-05
2.66446e-05
2.38639e-05
3.66596e-05
9.05598e-06
3.28491e-05
3.46785e-05
3.28945e-05
3.32467e-05
3.86636e-05
3.37529e-05
3.3874e-05
1.04252e-05
3.51612e-05
3.30572e-05
5.31318e-05
5.76809e-05
3.35409e-05
3.84464e-05
3.84715e-05
3.8338e-05
3.82124e-05
3.45753e-05
3.56657e-05
3.82326e-05
3.84464e-05
3.84715e-05
3.8338e-05
1.57941e-05
3.6365e-05
3.77773e-05
3.60582e-05
3.82326e-05
3.7244e-05
3.82227e-05
3.09442e-05
3.31547e-05
4.84554e-05
1.04252e-05
3.01896e-05
3.50054e-05
3.27403e-05
2.76593e-05
3.51612e-05
3.30572e-05
3.2179e-05
2.3187e-05
3.52053e-05
3.44665e-05
5.76809e-05
0
3.17296e-05
2.53789e-05
3.79535e-05
3.81955e-05
3.83877e-05
3.08927e-05
2.53182e-05
2.46992e-05
3.39766e-05
1.59258e-05
1.05499e-05
3.19416e-05
3.14791e-05
3.3573e-05
2.47002e-05
3.81659e-05
3.83838e-05
3.81647e-05
2.23316e-05
1.5165e-05
1.58573e-05
2.1612e-05
1.62707e-05
3.52679e-05
3.81659e-05
3.83838e-05
3.81647e-05
2.23316e-05
1.5165e-05
1.58573e-05
1.62468e-05
1.43889e-05
2.53182e-05
3.3571e-05
2.46992e-05
3.39766e-05
3.39773e-05
3.19416e-05
3.14791e-05
2.47002e-05
2.88223e-05
3.70437e-05
3.30211e-05
3.31289e-05
2.24976e-05
0
3.42301e-06
1.15035e-05
3.12739e-05
1.06786e-05
3.78273e-05
3.73449e-05
3.80696e-05
3.33375e-05
3.84798e-05
3.79415e-05
3.73449e-05
3.80696e-05
3.78273e-05
3.81264e-05
3.43895e-05
3.33375e-05
3.66372e-05
3.81261e-05
3.84798e-05
3.79415e-05
2.91508e-05
2.88223e-05
3.70437e-05
3.30211e-05
3.31289e-05
1.72622e-05
2.24976e-05
0
3.42301e-06
1.15035e-05
3.12739e-05
1.06786e-05
3.70351e-05
3.724e-05
3.8422e-05
3.81292e-05
3.85502e-05
3.8421e-05
3.75982e-05
3.63448e-05
3.4185e-05
3.2985e-06
1.06583e-05
1.75763e-05
1.10674e-05
3.63472e-05
3.62388e-05
3.3502e-05
3.84362e-05
3.80975e-05
3.74659e-05
3.82379e-05
2.65079e-05
3.84816e-05
3.79422e-05
3.82603e-05
3.81143e-05
3.74719e-05
3.73168e-05
3.82433e-05
3.84378e-05
3.80987e-05
3.79422e-05
3.70351e-05
3.724e-05
3.84241e-05
3.81301e-05
3.85528e-05
3.84198e-05
3.63448e-05
3.4185e-05
3.29789e-06
1.06583e-05
1.75763e-05
3.62388e-05
3.3502e-05
3.75969e-05
3.08927e-05
3.01249e-05
3.08933e-05
2.39519e-05
3.33322e-05
3.64584e-05
3.79569e-05
3.84989e-05
3.67183e-05
3.72007e-05
3.77773e-05
3.80097e-05
3.8388e-05
3.81955e-05
3.83877e-05
3.62301e-05
3.64584e-05
3.79569e-05
3.62298e-05
3.59216e-05
3.79535e-05
3.80097e-05
3.8388e-05
3.84989e-05
3.72007e-05
3.01249e-05
3.08933e-05
2.21173e-05
2.39519e-05
3.33322e-05
1.38052e-05
1.49976e-05
2.14336e-05
1.5732e-05
3.34926e-05
5.0044e-05
2.9962e-05
2.65575e-05
3.70146e-05
2.95903e-05
6.41217e-05
3.35521e-05
3.47931e-05
3.07191e-05
2.61084e-05
2.00003e-05
3.36575e-05
5.47511e-05
2.99125e-05
3.49922e-05
3.0351e-05
2.60965e-05
1.12321e-05
1.04463e-05
2.87312e-05
2.00062e-05
2.61078e-05
1.27002e-05
7.49832e-06
3.05646e-05
2.99054e-05
5.47619e-05
0
3.84338e-05
3.80498e-05
3.81261e-05
3.82713e-05
3.84359e-05
3.85043e-05
3.82958e-05
3.41935e-05
2.74964e-05
2.91679e-05
3.60097e-05
3.52662e-05
3.66267e-05
3.03495e-05
3.37023e-05
3.11334e-05
3.21903e-05
4.14265e-05
2.84602e-05
2.49655e-05
2.84092e-05
2.96384e-05
2.94834e-05
3.59868e-05
6.04015e-05
3.2095e-05
3.32837e-06
1.03059e-05
1.3025e-05
6.15108e-05
2.91398e-05
4.16431e-05
1.02129e-05
2.49722e-05
3.21919e-05
2.84665e-05
3.86876e-05
3.46732e-05
3.45696e-05
3.20918e-05
6.03871e-05
2.61707e-05
2.09749e-05
1.57671e-05
1.7033e-05
1.62059e-05
2.4372e-05
1.50858e-05
1.61413e-05
3.84773e-05
3.85847e-05
3.85477e-05
3.85218e-05
3.85532e-05
3.83902e-05
3.85573e-05
3.85689e-05
3.85328e-05
3.49674e-05
3.22551e-05
1.26732e-05
3.31322e-05
3.76239e-05
3.84681e-05
3.23988e-05
2.57073e-05
2.66387e-05
2.44193e-05
1.84313e-05
2.91895e-05
3.41353e-05
3.23498e-05
1.051e-05
0
4.0224e-05
4.97627e-05
3.152e-05
3.54212e-05
3.21371e-05
0
8.50215e-06
5.73326e-06
1.33015e-06
3.81402e-05
3.70766e-05
3.84309e-05
3.77464e-05
3.86118e-05
3.85215e-05
3.86173e-05
3.31646e-05
3.23509e-05
3.41411e-05
3.818e-05
3.70327e-05
3.82629e-05
3.73142e-05
3.85299e-05
3.64391e-05
3.21446e-05
3.54479e-05
3.81838e-05
1.23261e-05
2.30226e-05
2.06495e-05
1.73788e-05
1.82252e-05
1.82206e-05
1.63043e-05
1.23288e-05
3.07093e-05
3.34409e-05
3.2372e-05
3.31127e-05
4.65927e-05
2.86281e-05
3.35921e-05
3.25282e-05
3.63741e-05
2.21237e-05
5.31386e-05
3.35336e-05
3.51996e-05
2.3664e-05
3.49999e-05
3.01374e-05
2.32631e-05
2.38477e-05
2.29403e-06
3.78388e-05
3.16987e-05
5.86401e-05
3.12405e-05
1.0886e-05
6.54818e-06
3.57369e-05
3.69918e-05
3.53686e-05
3.71055e-05
2.65706e-05
4.84668e-05
2.96751e-05
2.78806e-05
5.86725e-05
3.1715e-05
2.91976e-05
3.71065e-05
3.53767e-05
2.21508e-05
4.98211e-05
3.48615e-05
1.51735e-05
2.75319e-05
1.85526e-05
3.58534e-05
3.1397e-05
3.26291e-05
5.48023e-05
3.24851e-05
5.74315e-05
3.24553e-05
3.3571e-05
3.51489e-05
3.64774e-05
3.70612e-05
3.65085e-05
3.65148e-05
3.03577e-05
3.49978e-05
3.59318e-05
3.07118e-05
3.47991e-05
3.41775e-05
3.41773e-05
5.74967e-05
1.43889e-05
3.54409e-05
3.95478e-05
3.9553e-05
2.60965e-05
1.12321e-05
2.87312e-05
2.00062e-05
2.61078e-05
3.05646e-05
2.99054e-05
5.47619e-05
1.04463e-05
0
3.2436e-05
5.43977e-05
2.21523e-05
1.85514e-05
2.74637e-05
1.51715e-05
3.51519e-05
3.08655e-05
3.06931e-05
3.26602e-05
5.74974e-05
1.80812e-05
2.8544e-05
2.65803e-05
3.11752e-05
2.91861e-05
2.98436e-05
3.11597e-05
3.04964e-05
2.96656e-05
4.1405e-05
3.61169e-05
2.89681e-05
3.76662e-05
3.2618e-05
5.48007e-05
3.13968e-05
5.74332e-05
3.1406e-05
3.75697e-05
3.01205e-05
3.24546e-05
2.19731e-05
3.0377e-05
2.23864e-05
1.36932e-05
3.03712e-05
2.18164e-05
2.13297e-05
2.57012e-05
2.04883e-05
4.70607e-05
3.84385e-05
3.79408e-05
3.84443e-05
3.83919e-05
3.85074e-05
2.47806e-05
2.42004e-05
4.04829e-05
3.8017e-05
5.76882e-05
3.7671e-05
3.39832e-05
5.71875e-05
3.34441e-05
3.75804e-05
3.34926e-05
5.0044e-05
2.9962e-05
3.70146e-05
6.41217e-05
2.95903e-05
5.2944e-05
1.8828e-05
1.68297e-05
2.09885e-05
3.38716e-05
1.62466e-05
2.48421e-05
2.18653e-05
1.80998e-05
2.18599e-05
1.81013e-05
2.66616e-05
1.75643e-05
3.29948e-05
3.95263e-06
3.44951e-05
3.06802e-05
2.23892e-05
2.19744e-05
3.64737e-05
3.83849e-05
3.8439e-05
3.79366e-05
3.81911e-05
3.83187e-05
3.85068e-05
3.83904e-05
3.3285e-05
2.57019e-05
4.70607e-05
2.04885e-05
3.11585e-05
3.03765e-05
2.19732e-05
2.2387e-05
3.03713e-05
2.18163e-05
2.13296e-05
4.04827e-05
3.8017e-05
5.76882e-05
3.39832e-05
3.7671e-05
5.71885e-05
3.3444e-05
3.75805e-05
3.83919e-05
3.84385e-05
3.79408e-05
3.84443e-05
3.85074e-05
2.47805e-05
2.0231e-05
2.66616e-05
1.75643e-05
3.29948e-05
3.95263e-06
3.44951e-05
1.8828e-05
1.68297e-05
3.38716e-05
2.09885e-05
2.18653e-05
1.80998e-05
1.81013e-05
2.18599e-05
1.3693e-05
1.38052e-05
2.14336e-05
1.5732e-05
3.06809e-05
2.23891e-05
2.19743e-05
2.05356e-05
1.45455e-05
2.54926e-05
3.8439e-05
3.79366e-05
3.83904e-05
3.81911e-05
3.83187e-05
3.85068e-05
2.2151e-05
4.98252e-05
4.0412e-05
7.49929e-06
2.7532e-05
1.51735e-05
1.85525e-05
5.05649e-05
2.87309e-05
1.12418e-05
3.58538e-05
3.48631e-05
3.13972e-05
3.26296e-05
5.48026e-05
5.74318e-05
3.24851e-05
3.24553e-05
1.3988e-05
3.66822e-05
3.64774e-05
2.89743e-05
5.38296e-05
4.14026e-05
2.86821e-05
2.96666e-05
3.05021e-05
1.05823e-05
1.31924e-05
2.98609e-05
2.85657e-05
2.91978e-05
3.1118e-05
3.26646e-05
3.07062e-05
3.01275e-05
3.35237e-05
3.14076e-05
3.70612e-05
3.65085e-05
3.65148e-05
3.03577e-05
3.49978e-05
3.59318e-05
3.07118e-05
3.47991e-05
3.41775e-05
3.41773e-05
3.14346e-05
3.40661e-05
2.81058e-05
5.74967e-05
2.96394e-05
3.11635e-05
2.65667e-05
5.86717e-05
4.06729e-05
3.54409e-05
3.95478e-05
3.9553e-05
4.07469e-05
2.96878e-05
5.86939e-05
3.38159e-05
2.81429e-05
3.40856e-05
3.8139e-05
2.52542e-05
3.81374e-05
3.24467e-05
3.48408e-05
5.43946e-05
2.21523e-05
3.48712e-05
1.85512e-05
2.74645e-05
1.51716e-05
3.08655e-05
3.06995e-05
3.26602e-05
5.74974e-05
2.8544e-05
2.65803e-05
3.11752e-05
2.91925e-05
2.98436e-05
3.11656e-05
3.05023e-05
2.96657e-05
3.58565e-05
3.51527e-05
3.3573e-05
4.14054e-05
3.61169e-05
2.89681e-05
3.76723e-05
3.2618e-05
5.48014e-05
3.13974e-05
3.14121e-05
3.75697e-05
3.01205e-05
3.24546e-05
5.74332e-05
3.21903e-05
2.70032e-05
5.38806e-05
3.86559e-05
2.57851e-05
6.35763e-05
2.3603e-05
3.28355e-05
2.70184e-05
3.46692e-05
3.46224e-05
2.99509e-05
3.57244e-05
3.15447e-05
1.13087e-05
3.90711e-06
3.42752e-05
3.55947e-05
3.70667e-05
3.13006e-05
3.73097e-05
4.19941e-05
6.26521e-05
2.32287e-06
3.1541e-05
2.66064e-05
0
2.54973e-05
9.30563e-06
1.87997e-05
1.90617e-05
7.61328e-06
1.77679e-05
3.03907e-05
2.52632e-05
3.32837e-06
1.59436e-05
3.23599e-06
0
1.18477e-05
1.34129e-05
1.17595e-05
9.53481e-06
0
2.27443e-05
4.25083e-06
1.36082e-05
4.47234e-05
3.26558e-05
3.36255e-05
1.03059e-05
1.30252e-05
3.8646e-05
3.18674e-05
2.71224e-05
3.56608e-05
2.94998e-05
2.8444e-05
3.64661e-05
2.59027e-05
3.16298e-05
3.11517e-05
3.03844e-05
2.22421e-05
3.61294e-06
1.77153e-05
7.59561e-06
1.09888e-06
2.03047e-06
3.06634e-06
0
7.5266e-06
4.24842e-06
1.15658e-06
2.97214e-06
4.23192e-06
1.86516e-05
9.23184e-06
0
1.78127e-06
3.12823e-05
1.72907e-05
2.50729e-05
3.02085e-05
6.15108e-05
2.91398e-05
4.16431e-05
1.02129e-05
2.49722e-05
2.84665e-05
3.21919e-05
3.86876e-05
3.45696e-05
3.20918e-05
6.03871e-05
3.46732e-05
3.30182e-05
3.65499e-05
3.65456e-05
3.77178e-05
3.57229e-05
3.33087e-05
3.46217e-05
3.84835e-05
3.8607e-05
3.85658e-05
3.39748e-05
3.70487e-05
3.55883e-05
3.84236e-05
3.83455e-05
3.7047e-05
3.81425e-05
3.71961e-05
3.80718e-05
2.69146e-05
3.81905e-05
2.74964e-05
3.41935e-05
2.91679e-05
3.60097e-05
3.66267e-05
1.75829e-05
2.59939e-05
1.79156e-05
1.85726e-05
1.57079e-05
1.69564e-05
2.00144e-05
1.8405e-05
2.4007e-05
1.46476e-05
1.62574e-05
2.04665e-05
1.67333e-05
1.32337e-05
1.70444e-05
1.76256e-05
1.62359e-05
2.18711e-05
2.39855e-05
1.46281e-05
3.85778e-05
3.84254e-05
3.85721e-05
3.8496e-05
3.85485e-05
3.85472e-05
3.84866e-05
3.85506e-05
3.83839e-05
3.85526e-05
3.85559e-05
3.84338e-05
2.69146e-05
3.81905e-05
1.75829e-05
2.59939e-05
1.79156e-05
1.85726e-05
1.57072e-05
1.69564e-05
1.76291e-05
2.00144e-05
1.8405e-05
2.4007e-05
1.46469e-05
1.62574e-05
2.07348e-05
1.43171e-05
1.74102e-05
1.62359e-05
2.18711e-05
2.39855e-05
1.46281e-05
3.80498e-05
3.82713e-05
3.84359e-05
3.85043e-05
3.85778e-05
3.84254e-05
3.85721e-05
3.8496e-05
3.85485e-05
3.85472e-05
3.84866e-05
3.85506e-05
3.83839e-05
3.85526e-05
3.85559e-05
2.70032e-05
5.38806e-05
3.86559e-05
2.57851e-05
6.35763e-05
2.3603e-05
3.28355e-05
2.70184e-05
3.46692e-05
3.15447e-05
1.13087e-05
3.90711e-06
3.46224e-05
2.99509e-05
3.57244e-05
3.42752e-05
3.55947e-05
3.70667e-05
3.73097e-05
4.19941e-05
6.26521e-05
2.32287e-06
3.1541e-05
2.66064e-05
0
2.54973e-05
9.30563e-06
1.87997e-05
1.90617e-05
7.61328e-06
1.77679e-05
3.03907e-05
2.52632e-05
1.59436e-05
3.23599e-06
0
1.18477e-05
1.34129e-05
1.17595e-05
9.53481e-06
2.27443e-05
0
1.36082e-05
4.25083e-06
4.47234e-05
3.26558e-05
3.36255e-05
3.86461e-05
3.18674e-05
2.71224e-05
3.56608e-05
2.94998e-05
2.8444e-05
3.64661e-05
2.59027e-05
3.16298e-05
3.11517e-05
3.03844e-05
3.61294e-06
2.22421e-05
1.77153e-05
1.09888e-06
7.59561e-06
2.03044e-06
1.15655e-06
3.06641e-06
4.24851e-06
0
2.97214e-06
4.23192e-06
1.86516e-05
9.23184e-06
0
3.31719e-05
2.54116e-05
1.78127e-06
2.65139e-05
6.28284e-05
3.69957e-05
3.12844e-05
2.99586e-05
3.45732e-05
2.68759e-05
2.50729e-05
3.02085e-05
3.65499e-05
3.30182e-05
3.77178e-05
3.65456e-05
3.84835e-05
3.8607e-05
3.85658e-05
3.57229e-05
3.33087e-05
3.46217e-05
3.84236e-05
3.83455e-05
3.39748e-05
3.70487e-05
3.55883e-05
3.81425e-05
3.7047e-05
3.80718e-05
3.71961e-05
2.5708e-05
2.66327e-05
2.44132e-05
2.91894e-05
3.41356e-05
3.23494e-05
1.84313e-05
1.051e-05
4.02239e-05
0
4.97621e-05
4.26942e-07
3.15162e-05
3.54217e-05
3.21307e-05
2.38446e-05
3.28883e-05
3.24061e-05
3.41818e-05
3.92887e-05
4.43816e-05
4.43628e-05
3.86674e-05
3.88945e-05
3.86301e-05
3.3739e-05
3.67065e-05
3.66077e-05
3.50099e-05
3.41172e-05
3.46756e-05
3.29461e-05
5.54436e-05
5.0146e-05
2.66515e-05
3.28561e-05
3.09053e-05
2.46408e-05
2.2049e-05
2.29449e-05
3.35348e-05
3.32469e-05
3.21409e-05
8.50215e-06
5.73326e-06
2.26605e-05
8.54811e-06
1.85331e-05
2.62294e-05
3.65912e-05
4.11924e-05
7.88762e-06
7.80835e-06
1.27928e-05
1.33015e-06
0
7.89623e-07
0
5.31327e-06
2.92379e-05
2.27795e-05
2.18125e-05
4.10487e-05
2.66874e-05
2.61847e-05
3.26735e-05
1.69121e-05
2.34377e-05
3.08417e-05
3.01847e-05
2.65928e-05
3.2952e-05
3.27984e-05
3.4122e-05
3.84309e-05
3.86118e-05
3.852e-05
3.86173e-05
3.818e-05
3.82629e-05
3.85293e-05
3.79062e-05
3.89028e-05
3.86329e-05
3.93016e-05
5.69054e-05
4.43837e-05
4.4374e-05
2.2693e-05
3.85768e-05
3.82219e-05
3.8532e-05
1.37593e-05
5.6636e-05
3.56639e-05
1.49635e-05
3.73141e-05
3.80997e-05
3.41651e-05
3.56632e-05
4.68936e-05
1.63294e-05
1.67555e-05
1.61242e-05
2.27399e-05
1.50663e-05
2.43644e-05
3.12066e-05
2.61556e-05
1.09403e-05
4.80343e-05
3.53805e-05
3.36516e-05
3.49656e-05
3.2689e-05
3.16974e-05
3.22549e-05
3.76239e-05
3.84681e-05
3.31322e-05
3.85881e-05
3.85311e-05
3.84511e-05
3.85771e-05
3.82176e-05
3.74794e-05
3.80965e-05
3.23991e-05
2.61707e-05
1.57667e-05
1.62079e-05
2.4372e-05
1.50853e-05
1.61433e-05
2.0978e-05
2.2693e-05
5.6636e-05
3.56639e-05
1.49635e-05
3.73141e-05
3.80997e-05
3.53777e-05
3.41651e-05
4.68936e-05
1.63294e-05
1.67555e-05
3.85768e-05
3.82219e-05
1.37593e-05
6.35761e-06
1.61249e-05
2.2739e-05
1.50663e-05
2.43636e-05
3.12066e-05
2.61556e-05
4.80343e-05
3.36516e-05
3.49656e-05
3.2689e-05
3.16974e-05
1.09403e-05
3.84766e-05
3.85841e-05
3.85477e-05
3.85233e-05
3.85532e-05
3.83896e-05
3.85573e-05
3.85683e-05
3.85334e-05
3.74798e-05
3.73187e-05
3.80965e-05
3.85864e-05
3.85311e-05
3.82176e-05
3.84511e-05
3.8288e-05
3.85771e-05
4.26942e-07
2.38446e-05
3.28883e-05
3.24061e-05
3.41818e-05
3.92887e-05
4.43816e-05
4.43628e-05
3.86674e-05
3.86301e-05
3.37387e-05
3.67065e-05
3.66077e-05
3.50099e-05
3.41172e-05
3.46756e-05
3.29461e-05
5.54436e-05
5.0146e-05
2.66515e-05
3.28561e-05
3.09053e-05
2.46408e-05
2.2049e-05
2.29449e-05
3.35348e-05
3.32469e-05
3.21409e-05
2.26605e-05
8.54811e-06
1.85331e-05
8.71065e-06
1.29553e-05
2.62294e-05
3.65912e-05
4.11924e-05
9.12696e-06
2.35694e-05
1.70425e-05
7.88794e-06
7.80835e-06
1.27928e-05
0
7.88761e-07
4.97556e-05
0
1.05042e-05
5.31255e-06
3.60212e-05
2.44211e-05
2.5734e-05
2.92379e-05
2.27795e-05
2.18125e-05
4.10487e-05
2.66874e-05
2.61847e-05
3.26735e-05
1.69121e-05
2.34377e-05
3.08417e-05
3.01847e-05
2.65928e-05
1.59599e-05
5.00785e-05
5.54347e-05
3.2952e-05
3.27984e-05
3.4122e-05
5.30508e-05
3.41827e-05
3.23989e-05
3.21092e-05
3.32353e-05
3.35265e-05
3.79062e-05
3.66154e-05
3.89028e-05
3.86329e-05
3.93016e-05
5.69054e-05
4.43837e-05
4.4374e-05
3.70204e-05
3.50223e-05
3.67215e-05
2.21237e-05
3.35336e-05
5.31386e-05
3.51996e-05
3.27348e-05
4.26966e-05
2.27106e-05
5.84351e-06
3.54632e-05
3.3302e-05
2.94294e-05
3.58034e-05
3.37385e-05
3.03905e-05
3.46581e-05
6.40899e-05
4.3553e-05
4.21522e-05
3.78842e-05
3.66442e-05
3.51644e-05
3.60981e-05
3.63865e-05
3.60985e-05
3.63886e-05
3.66433e-05
3.78857e-05
3.27494e-05
2.926e-05
3.29931e-05
3.80803e-05
2.38335e-05
2.57067e-05
3.27178e-05
3.38855e-05
2.70956e-05
3.02997e-05
3.35457e-05
2.21173e-05
3.01147e-05
3.31521e-05
3.11654e-05
4.74466e-05
2.79325e-05
3.21265e-05
2.74454e-05
1.0444e-05
3.95631e-05
4.26982e-05
3.03917e-05
3.46532e-05
3.57955e-05
3.37358e-05
4.35573e-05
2.76612e-05
4.21698e-05
4.17889e-05
6.40895e-05
3.84682e-05
3.59338e-05
3.60573e-05
3.56536e-05
3.45736e-05
3.84934e-05
3.73427e-05
3.72435e-05
3.82239e-05
3.8534e-05
1.75134e-05
3.07093e-05
3.34409e-05
3.2372e-05
3.31127e-05
4.65927e-05
3.29826e-05
3.34347e-05
4.79528e-05
3.29791e-05
3.34289e-05
4.27773e-05
3.83866e-05
3.58736e-05
3.85416e-05
3.86027e-05
3.72749e-05
3.7038e-05
3.81348e-05
3.6933e-05
3.80856e-05
3.84986e-05
3.72521e-05
3.70437e-05
3.74779e-05
3.70329e-05
3.7479e-05
3.72224e-05
3.82545e-05
3.83214e-05
3.84214e-05
3.8468e-05
3.8176e-05
3.79309e-05
3.83866e-05
2.86281e-05
3.35921e-05
3.25282e-05
3.83356e-05
3.84695e-05
3.56557e-05
3.82227e-05
3.84039e-05
3.35015e-05
3.38582e-05
4.77951e-05
3.16749e-05
3.31601e-05
3.85323e-05
3.85049e-05
3.82126e-05
3.83499e-05
3.73479e-05
3.73534e-05
3.83169e-05
3.73378e-05
3.59338e-05
3.60573e-05
3.56536e-05
3.45736e-05
3.81838e-05
3.84682e-05
3.84934e-05
3.72435e-05
3.73427e-05
3.82239e-05
3.8534e-05
4.7971e-05
3.29826e-05
3.34347e-05
4.79528e-05
3.29791e-05
3.34289e-05
4.27773e-05
2.30226e-05
1.73788e-05
1.75134e-05
3.72749e-05
3.7038e-05
3.81348e-05
3.6933e-05
3.80856e-05
3.84986e-05
3.72521e-05
3.70437e-05
3.70329e-05
3.7479e-05
3.72224e-05
3.58736e-05
3.78439e-05
3.85416e-05
3.86027e-05
3.83356e-05
3.84419e-05
3.84695e-05
3.56557e-05
3.82227e-05
3.83641e-05
3.84039e-05
3.35015e-05
3.38582e-05
4.77951e-05
3.31601e-05
3.16749e-05
3.82545e-05
3.83214e-05
3.84214e-05
3.8468e-05
3.83866e-05
3.61244e-05
3.67183e-05
3.85323e-05
3.82126e-05
3.85049e-05
3.83499e-05
3.73479e-05
3.83169e-05
3.73534e-05
3.73378e-05
3.84778e-05
3.84149e-05
2.57008e-05
3.27348e-05
3.21842e-05
2.38339e-05
3.1163e-05
3.44795e-05
3.01285e-05
2.27106e-05
3.57042e-05
2.96636e-05
2.65683e-05
4.49605e-05
2.29148e-05
3.01891e-05
2.29181e-05
3.57493e-05
6.53966e-06
3.12523e-05
2.81563e-05
2.81462e-05
2.91659e-05
3.01428e-05
2.36747e-05
3.54632e-05
3.30499e-05
3.29881e-05
3.3302e-05
2.92496e-05
2.94294e-05
3.58034e-05
3.37385e-05
3.46581e-05
3.03905e-05
6.40899e-05
5.76704e-05
4.3553e-05
4.17635e-05
4.21522e-05
3.51644e-05
3.60981e-05
3.63865e-05
3.63886e-05
3.66433e-05
3.78857e-05
3.27494e-05
2.926e-05
3.29931e-05
3.60985e-05
3.80803e-05
2.38335e-05
4.26982e-05
2.57067e-05
3.27178e-05
3.38855e-05
4.74466e-05
3.35457e-05
2.26927e-05
3.01147e-05
3.31521e-05
3.11654e-05
3.21265e-05
2.74454e-05
2.70956e-05
2.79325e-05
3.95631e-05
1.0444e-05
3.03917e-05
3.46532e-05
3.37358e-05
3.57955e-05
3.03345e-05
4.35573e-05
2.76612e-05
4.21698e-05
4.17889e-05
6.40895e-05
1.27078e-05
1.56733e-05
3.68195e-05
3.66081e-05
3.81646e-05
3.68195e-05
3.66081e-05
3.81646e-05
1.27078e-05
3.26984e-05
2.79515e-05
3.85653e-05
3.84938e-05
3.84844e-05
3.86069e-05
3.69939e-05
3.82724e-05
3.85481e-05
3.84967e-05
3.84982e-05
3.85489e-05
3.47856e-05
3.69939e-05
3.82724e-05
3.6971e-05
3.76185e-05
3.85481e-05
3.84967e-05
3.84982e-05
3.85489e-05
3.26984e-05
2.79515e-05
3.85653e-05
3.84938e-05
3.84844e-05
3.86069e-05
3.86165e-05
3.85056e-05
3.86115e-05
3.85187e-05
3.31455e-05
3.77428e-05
3.31455e-05
3.77484e-05
3.86165e-05
3.85056e-05
3.86115e-05
3.85187e-05
6.47252e-06
2.79505e-05
3.59287e-05
3.01317e-05
7.49825e-06
6.47252e-06
3.44207e-05
3.55952e-05
2.13291e-05
2.96961e-05
2.18125e-05
3.75975e-05
3.55953e-05
2.13289e-05
2.96956e-05
2.18124e-05
3.83849e-05
3.75975e-05
3.44211e-05
2.53789e-05
2.79505e-05
3.01317e-05
3.35371e-05
3.37189e-05
3.33271e-05
3.50902e-05
3.83139e-05
3.73507e-05
3.73353e-05
3.83493e-05
3.78833e-05
3.59287e-05
3.80821e-05
3.83139e-05
3.73507e-05
3.83493e-05
3.73353e-05
3.84015e-05
3.7916e-05
3.79309e-05
3.78833e-05
3.35371e-05
3.37189e-05
3.33271e-05
3.66442e-05
3.50902e-05
3.08452e-05
3.04694e-05
2.87185e-05
4.87364e-05
5.29123e-05
4.70452e-05
3.73475e-05
3.81992e-05
3.60023e-05
3.65265e-05
3.8503e-05
2.64212e-05
1.17728e-05
1.26936e-05
3.49725e-05
3.29779e-05
3.82747e-05
3.81939e-05
3.84071e-05
3.57199e-05
3.56632e-05
3.34939e-05
3.82277e-05
3.02997e-05
3.02089e-05
4.06055e-05
3.8605e-05
4.06048e-05
3.86113e-05
3.02092e-05
5.00445e-05
2.64119e-05
6.41303e-05
2.23501e-05
2.16132e-05
2.20119e-05
2.3981e-05
2.20142e-05
2.39715e-05
3.95506e-06
2.66783e-05
1.75703e-05
2.65574e-05
5.14889e-05
3.0845e-05
2.04821e-05
3.04697e-05
3.32942e-05
2.87185e-05
5.29123e-05
4.70452e-05
3.6295e-05
3.67256e-05
3.29693e-05
3.18722e-05
2.57106e-05
3.4498e-05
3.54936e-05
2.78953e-05
2.537e-05
3.79881e-05
4.43088e-05
3.82117e-05
3.75789e-05
3.34407e-05
5.72044e-05
3.85351e-05
4.04838e-05
3.76744e-05
3.39822e-05
5.76743e-05
3.709e-05
3.72813e-05
5.04034e-05
1.50668e-05
1.51066e-05
3.83093e-05
3.77709e-05
3.8018e-05
3.83064e-05
3.85586e-05
3.02089e-05
2.1612e-05
4.06055e-05
3.8605e-05
4.06048e-05
3.86113e-05
3.02092e-05
2.64119e-05
6.41303e-05
2.23501e-05
2.16132e-05
2.20119e-05
2.3981e-05
2.20142e-05
2.39715e-05
3.95506e-06
2.66783e-05
1.75703e-05
2.65574e-05
5.14889e-05
3.29699e-05
3.6291e-05
3.6726e-05
3.18731e-05
2.57106e-05
3.54934e-05
2.78952e-05
2.537e-05
3.79893e-05
4.43088e-05
3.75832e-05
3.82079e-05
3.34409e-05
5.72029e-05
3.76744e-05
3.85351e-05
3.52679e-05
3.39822e-05
5.76743e-05
3.70904e-05
3.72813e-05
4.04838e-05
5.04032e-05
1.50693e-05
1.51066e-05
3.77709e-05
3.8018e-05
3.83093e-05
3.83064e-05
3.85586e-05
3.86925e-05
3.46779e-05
3.51481e-05
3.77513e-05
4.10419e-05
4.16658e-05
6.15277e-05
3.83454e-05
3.81931e-05
3.84234e-05
3.70978e-05
3.71975e-05
3.80753e-05
3.81433e-05
3.6552e-05
3.63586e-05
3.77213e-05
3.65492e-05
3.83503e-05
3.85011e-05
3.76477e-05
3.83258e-05
3.76529e-05
3.74371e-05
3.80456e-05
3.85038e-05
3.86833e-05
3.81993e-05
3.83626e-05
3.85512e-05
3.84534e-05
3.8488e-05
3.85584e-05
3.83688e-05
3.83912e-05
3.85535e-05
3.76185e-05
5.39666e-05
3.11802e-05
3.33693e-05
3.6971e-05
4.38648e-05
4.03581e-05
3.43932e-05
5.39742e-05
3.73475e-05
3.81992e-05
3.65265e-05
3.8078e-05
3.8503e-05
3.86214e-05
3.87061e-05
3.47679e-05
3.82546e-05
3.85686e-05
3.59796e-05
3.85038e-05
3.86833e-05
3.81993e-05
3.83626e-05
3.83503e-05
3.85011e-05
3.82953e-05
3.76477e-05
3.83258e-05
3.74371e-05
3.80456e-05
3.85512e-05
3.84534e-05
3.8488e-05
3.85584e-05
3.83688e-05
3.83912e-05
3.85535e-05
5.39666e-05
3.11802e-05
3.47856e-05
3.66125e-05
3.33693e-05
4.38648e-05
4.03581e-05
3.42183e-05
4.38495e-05
3.43932e-05
3.86214e-05
3.87061e-05
3.6612e-05
3.47679e-05
3.59796e-05
3.82546e-05
3.85686e-05
3.86925e-05
3.51481e-05
3.79998e-05
3.46779e-05
3.77513e-05
4.10419e-05
4.16658e-05
3.55751e-05
6.15277e-05
3.83454e-05
3.81931e-05
3.84234e-05
3.70978e-05
3.71975e-05
3.80753e-05
3.81433e-05
3.63586e-05
3.6552e-05
3.77213e-05
3.65492e-05
3.73101e-05
3.7376e-05
3.82664e-05
3.81789e-05
3.85746e-05
3.85321e-05
3.7735e-05
3.81611e-05
3.74518e-05
3.84378e-05
3.85699e-05
3.8373e-05
3.85573e-05
3.83887e-05
3.84942e-05
3.70817e-05
3.84926e-05
3.82585e-05
3.85765e-05
3.851e-05
3.84412e-05
3.73165e-05
3.85823e-05
2.64195e-05
1.17764e-05
1.26936e-05
3.49652e-05
3.29777e-05
3.85699e-05
3.8373e-05
3.85573e-05
3.83887e-05
3.84938e-05
3.70817e-05
3.84932e-05
3.82585e-05
3.85772e-05
3.85101e-05
3.84412e-05
3.85829e-05
3.7376e-05
3.73099e-05
3.82664e-05
3.81789e-05
3.85767e-05
3.85321e-05
3.74522e-05
3.77351e-05
3.8163e-05
3.84378e-05
3.83725e-05
3.82747e-05
3.84071e-05
3.81939e-05
3.57199e-05
3.34939e-05
3.82277e-05
3.80127e-05
3.83767e-05
3.85481e-05
3.64647e-05
3.63741e-05
3.74325e-05
3.67783e-05
3.83387e-05
3.85081e-05
3.86504e-05
3.80127e-05
3.83767e-05
3.64647e-05
3.79652e-05
3.67783e-05
3.74325e-05
3.83387e-05
3.85081e-05
3.86504e-05
3.85481e-05
3.85536e-05
3.8508e-05
3.85481e-05
3.85218e-05
3.85536e-05
3.8508e-05
3.85481e-05
3.85218e-05
3.71965e-05
3.7916e-05
3.71965e-05
3.83643e-05
3.8551e-05
3.81116e-05
3.79075e-05
3.85337e-05
3.85343e-05
3.85339e-05
3.85343e-05
3.83625e-05
3.85503e-05
3.81132e-05
3.79082e-05
3.22546e-05
3.76209e-05
3.84228e-05
3.76207e-05
3.84673e-05
3.22546e-05
3.76209e-05
3.84228e-05
3.76207e-05
3.84673e-05
1.95292e-05
1.95315e-05
1.30883e-05
1.29844e-05
1.60787e-05
1.38509e-05
1.56511e-05
1.29844e-05
1.60793e-05
1.38509e-05
1.56511e-05
1.57941e-05
1.55272e-05
1.5799e-05
1.96219e-05
1.95926e-05
1.48378e-05
1.91358e-05
3.08244e-05
3.09534e-05
2.9905e-05
2.48421e-05
1.36471e-05
1.61211e-05
1.61211e-05
1.36471e-05
2.06582e-05
2.06424e-05
2.15706e-05
2.00375e-05
1.78266e-05
6.35761e-06
6.49478e-06
1.09167e-05
2.69199e-05
2.15729e-05
2.00375e-05
1.78266e-05
6.49478e-06
1.09167e-05
2.69199e-05
1.68268e-05
2.00368e-05
1.68335e-05
2.00368e-05
3.59922e-05
3.79496e-05
3.84842e-05
3.82613e-05
3.85706e-05
3.66125e-05
3.8622e-05
3.59922e-05
3.79496e-05
3.84842e-05
3.82613e-05
3.85706e-05
3.8622e-05
3.77748e-06
0
3.67511e-05
3.67617e-05
3.24818e-05
3.84415e-05
3.84468e-05
3.84415e-05
3.81725e-05
3.84468e-05
3.67511e-05
3.67617e-05
3.24818e-05
3.84993e-05
3.85775e-05
3.86348e-05
3.48837e-05
3.74803e-05
3.54081e-05
3.54354e-05
3.4886e-05
3.74817e-05
3.84423e-05
3.77467e-05
3.84423e-05
3.48838e-05
3.74803e-05
3.54081e-05
3.54354e-05
3.4886e-05
3.74817e-05
3.3707e-05
3.40714e-05
3.75565e-05
3.8574e-05
3.82958e-05
3.84993e-05
3.8574e-05
3.3707e-05
3.40718e-05
3.75565e-05
3.1046e-06
3.86348e-05
3.85775e-05
3.1046e-06
3.03345e-05
3.83195e-05
3.82343e-05
3.83136e-05
3.83195e-05
3.82343e-05
3.83136e-05
3.60116e-05
3.77476e-05
3.60118e-05
3.77476e-05
3.82442e-05
3.85883e-05
3.85888e-05
3.82423e-05
3.16989e-05
3.16989e-05
3.75571e-05
3.85006e-05
3.85736e-05
3.85006e-05
3.85736e-05
3.75571e-05
3.86387e-05
3.85847e-05
3.84777e-05
3.85859e-05
3.84777e-05
3.86387e-05
3.08646e-05
3.80866e-05
3.8265e-05
3.80866e-05
3.8265e-05
3.08646e-05
3.85577e-05
3.85577e-05
3.82482e-05
3.85772e-05
3.85772e-05
3.8247e-05
3.78956e-05
3.85966e-05
3.841e-05
3.85966e-05
3.78956e-05
3.84027e-05
3.84027e-05
)
;
    }
}


// ************************************************************************* //
